Date,Open,High,Low,Close,Adj Close,Volume,stock
1989-09-25,22.095584869384766,22.095584869384766,21.951404571533203,22.095584869384766,12.96946907043457,518300.0,AA
1989-09-25,2.75,2.875,2.5,2.875,2.65682053565979,1500.0,AAME
1989-09-25,0.92592591047287,0.9444444179534912,0.92592591047287,0.9444444179534912,470607787458560.0,41800.0,AAN
1989-09-25,1.5982142686843872,1.6339285373687744,1.5982142686843872,1.6160714626312256,1.3073501586914062,34039600.0,AAPL
1989-09-25,3.5625,3.59375,3.5625,3.59375,0.09465816617012024,61600.0,AB
1989-09-25,32500.0,32500.0,30000.0,32500.0,29795.087890625,0.0,ABEO
1989-09-25,4.5,4.5,4.46875,4.46875,0.7479915618896484,11200.0,ABM
1989-09-25,7.1875,7.1875,7.1875,7.1875,7.1875,400.0,ABMD
1989-09-25,3.5210661888122563,3.5210661888122563,3.4368972778320312,3.4649536609649663,0.39621075987815857,4572900.0,ABT
1989-09-25,5.125,5.125,5.125,5.125,3.409004211425781,0.0,ACU
1989-09-25,1.015625,1.078125,1.015625,1.0546875,0.9902793765068054,17827200.0,ADBE
1989-09-25,1.625,1.6458333730697632,1.625,1.625,1.1033512353897097,577000.0,ADI
1989-09-25,7.6101112365722665,7.7029175758361825,7.517305374145508,7.671982288360597,4.461982250213623,762700.0,ADM
1989-09-25,4.473377227783203,4.498160362243652,4.4609856605529785,4.498160362243652,2.6445882320404053,2125300.0,ADP
1989-09-25,4.8125,4.90625,4.8125,4.90625,4.296781063079834,583200.0,ADSK
1989-09-25,10.916666984558104,11.0,10.916666984558104,10.916666984558104,1.3160009384155271,13900.0,ADX
1989-09-25,2.75,2.75,2.75,2.75,1.7395727634429932,1100.0,AE
1989-09-25,2.584134578704834,2.584134578704834,2.584134578704834,2.584134578704834,0.008093856275081635,10400.0,AEG
1989-09-25,8.875,9.0,8.5,8.5,8.5,50600.0,AEGN
1989-09-25,8.125,8.5,8.125,8.375,6.391326904296875,36400.0,AEM
1989-09-25,30.125,30.125,29.75,29.75,5.5904502868652335,112900.0,AEP
1989-09-25,18.0,18.0,17.83333396911621,17.91666603088379,5.108078956604004,108900.0,AFG
1989-09-25,1.2000000476837158,1.2083333730697632,1.1749999523162842,1.1749999523162842,0.13866113126277926,3024800.0,AFL
1989-09-25,4.5625,4.71875,4.5625,4.65625,3.519985675811768,4335600.0,AGN
1989-09-25,0.0,2.777777671813965,2.7037036418914795,2.7037036418914795,2.1847584247589107,37300.0,AGYS
1989-09-25,159.92098999023438,159.92098999023438,158.4460906982422,159.07818603515625,113.70208740234376,64300.0,AIG
1989-09-25,1.5,1.5,1.5,1.5,1.5,0.0,AIM
1989-09-25,20.69792366027832,20.69792366027832,20.578969955444336,20.578969955444336,12.60745906829834,26400.0,AIN
1989-09-25,23.33333396911621,23.33333396911621,23.16666603088379,23.16666603088379,12.982965469360352,51100.0,AIR
1989-09-25,1.0416666269302368,1.0416666269302368,1.0416666269302368,1.0416666269302368,0.6009867787361145,0.0,AIRT
1989-09-25,6.04938268661499,6.04938268661499,5.95061731338501,6.0,1.0020105838775637,24300.0,AIT
1989-09-25,5.4375,5.4375,5.4375,5.4375,0.7992842197418213,800.0,AJG
1989-09-25,9.29718780517578,9.29718780517578,9.231249809265137,9.231249809265137,5.303048133850098,116900.0,AJRD
1989-09-25,35.5,35.5,35.5,35.5,21.974950790405273,900.0,ALCO
1989-09-25,38.0625,38.4375,38.0625,38.4375,10.217796325683594,11400.0,ALE
1989-09-25,6.34375,6.34375,6.28125,6.28125,4.873234272003174,140000.0,ALK
1989-09-25,4.666666507720947,4.666666507720947,4.666666507720947,4.666666507720947,2.1100907325744633,0.0,ALOT
1989-09-25,58.25,58.25,58.125,58.125,28.38029670715332,600.0,ALX
1989-09-25,7.666666507720947,7.666666507720947,7.666666507720947,7.666666507720947,7.666666507720947,1300.0,AMAG
1989-09-25,0.408203125,0.41015625,0.3984375,0.40625,0.30959394574165344,11334400.0,AMAT
1989-09-25,4.25,4.3125,4.25,4.25,4.25,182200.0,AMD
1989-09-25,2.1666667461395264,2.1666667461395264,2.1481480598449707,2.1481480598449707,0.20069028437137604,186900.0,AME
1989-09-25,0.9114583134651184,0.921875,0.9010416865348816,0.9166666865348816,0.7456761002540588,10507200.0,AMGN
1989-09-25,4.0,4.0,4.0,4.0,3.2647516727447514,0.0,AMOT
1989-09-25,4.25,4.25,4.125,4.25,3.3773009777069087,900.0,AMS
1989-09-25,12.083333015441895,12.25,11.916666984558105,11.916666984558105,4.4938926696777335,20100.0,AMSWA
1989-09-25,0.0,3.863636255264282,3.5227272510528564,3.6363637447357178,3.1752843856811523,37800.0,AMWD
1989-09-25,35.5,35.5,35.5,35.5,11.572222709655762,1500.0,ANAT
1989-09-25,75.0,76.5625,75.0,75.78125,75.78125,900.0,ANIX
1989-09-25,10.370369911193848,10.370369911193848,10.222222328186037,10.222222328186037,3.477748394012451,152700.0,AON
1989-09-25,0.9166666865348816,0.9166666865348816,0.9166666865348816,0.9166666865348816,0.002404019935056567,3600.0,AOS
1989-09-25,14.75,14.75,14.75,14.75,6.37882661819458,0.0,AP
1989-09-25,6.49350643157959,6.49350643157959,6.385281562805176,6.385281562805176,3.663408517837525,102600.0,APA
1989-09-25,10.898473739624023,10.898473739624023,10.609389305114746,10.638298034667967,3.570898532867432,472100.0,APD
1989-09-25,9.0625,9.1875,8.9375,8.9375,4.957762718200684,83200.0,APOG
1989-09-25,21.45842933654785,21.45842933654785,21.45842933654785,21.45842933654785,12.537252426147461,0.0,ARGO
1989-09-25,2.75,2.75,2.75,2.75,1.1986298561096191,0.0,ARKR
1989-09-25,6.1875,6.28125,6.1875,6.28125,5.105008125305176,10400.0,ARL
1989-09-25,20.76696014404297,20.76696014404297,20.556127548217773,20.76696014404297,11.931989669799805,553800.0,ARNC
1989-09-25,0.0,5.5750932693481445,5.5750932693481445,5.5750932693481445,1.9278980493545528,300.0,AROW
1989-09-25,4.75,4.875,4.75,4.875,3.8373501300811768,4800.0,ARTW
1989-09-25,2.5,2.5625,2.5,2.5,2.5,15800.0,ARW
1989-09-25,15.583333015441895,15.625,15.333333015441895,15.416666984558105,6.787520408630371,507000.0,ASA
1989-09-25,5.524819850921631,5.646244525909424,5.524819850921631,5.615888595581055,1.1342439651489258,12000.0,ASB
1989-09-25,9.625,9.625,9.5,9.5,0.740346372127533,26500.0,ASG
1989-09-25,15.400814056396484,15.400814056396484,15.353281021118164,15.400814056396484,2.7632067203521733,103600.0,ASH
1989-09-25,0.0,40.625,39.375,40.0,40.0,25700.0,ASNA
1989-09-25,0.0,5.0,5.0,5.0,1.4278318881988523,5100.0,ASRV
1989-09-25,3.5625,3.5625,3.5625,3.5625,3.206412076950073,28000.0,ASTE
1989-09-25,0.0,6.5,6.25,6.25,6.25,900.0,ASYS
1989-09-25,14.5,14.5,13.75,14.5,0.9821766018867492,14100.0,ATAX
1989-09-25,11.5,11.583333015441895,11.416666984558105,11.5,3.0097150802612305,8800.0,ATO
1989-09-25,6.833333492279053,6.833333492279053,6.166666507720947,6.166666507720947,2.7338101863861084,16900.0,ATRI
1989-09-25,0.4042133688926697,0.4042133688926697,0.4042133688926697,0.4042133688926697,0.09153739362955092,4700.0,ATRO
1989-09-25,14.75,14.9375,14.75,14.875,2.6710028648376465,19400.0,AVA
1989-09-25,0.7231404781341553,0.7231404781341553,0.7231404781341553,0.7231404781341553,0.2879011034965515,0.0,AVD
1989-09-25,124.5,129.0,121.5,124.5,124.5,7900.0,AVNW
1989-09-25,12.375,12.4375,12.3125,12.3125,9.039393424987793,52600.0,AVT
1989-09-25,14.1875,14.1875,14.0625,14.125,5.182699203491211,167800.0,AVY
1989-09-25,0.0,4.791666507720947,4.666666507720947,4.666666507720947,0.09560274332761763,28800.0,AWR
1989-09-25,13.5625,13.5625,13.3125,13.3125,9.434372901916504,51200.0,AXE
1989-09-25,0.0,5.183025360107422,4.535147190093994,4.535147190093994,3.695257186889648,11000.0,AXGN
1989-09-25,9.39816951751709,9.430354118347168,9.269427299499512,9.301612854003906,2.525397777557373,1785600.0,AXP
1989-09-25,6.875,6.875,6.875,6.875,5.769784450531006,0.0,AXR
1989-09-25,0.0,0.9070294499397278,0.9070294499397278,0.9070294499397278,0.3636356294155121,800.0,AZZ
1989-09-25,6.229166507720947,6.229166507720947,6.229166507720947,6.229166507720947,0.3742341995239258,1800.0,B
1989-09-25,19.58333396911621,19.58333396911621,19.0,19.33333396911621,8.79842758178711,1292400.0,BA
1989-09-25,13.03125,13.09375,12.90625,12.9375,1.8297890424728396,411600.0,BAC
1989-09-25,2.7782764434814453,2.7782764434814453,2.764315366744995,2.764315366744995,0.18741989135742188,9200.0,BAM
1989-09-25,5.519186973571777,5.519186973571777,5.488353252410889,5.488353252410889,0.9168599247932434,1246300.0,BAX
1989-09-25,3.709717988967896,3.709717988967896,3.6828360557556152,3.6828360557556152,0.04961824417114258,195200.0,BBVA
1989-09-25,0.21296297013759613,0.21759259700775144,0.21296297013759613,0.21296297013759613,0.15060096979141235,86400.0,BBY
1989-09-25,16.5,16.75,16.375,16.5,9.252963066101074,101400.0,BC
1989-09-25,17.3125,17.375,17.3125,17.3125,0.557941198348999,839600.0,BCE
1989-09-25,0.1975308656692505,0.1975308656692505,0.1975308656692505,0.1975308656692505,0.16935981810092926,0.0,BCPC
1989-09-25,5.7192230224609375,5.8426594734191895,5.7192230224609375,5.8426594734191895,0.2813813388347626,18200.0,BCS
1989-09-25,19.25,19.375,18.875,18.875,2.0829460620880127,4900.0,BCV
1989-09-25,0.6875,0.6875,0.6875,0.6875,0.4641429781913757,0.0,BDL
1989-09-25,6.375,6.375,6.375,6.375,1.1910033226013184,0.0,BDN
1989-09-25,7.03125,7.046875,6.984375,7.0,2.4597134590148926,737600.0,BDX
1989-09-25,2.8125,2.875,2.75,2.875,2.3746318817138667,600.0,BELFA
1989-09-25,1.4351851940155032,1.4490740299224854,1.4305555820465088,1.4444444179534912,0.2980811893939972,363600.0,BEN
1989-09-25,6.96875,7.0,6.96875,7.0,1.1301567554473877,341200.0,BGG
1989-09-25,0.0,75.52734375,75.52734375,75.52734375,39.98707580566406,0.0,BH
1989-09-25,7.263570785522461,7.263570785522461,7.021451950073242,7.021451950073242,0.8795672059059143,49100.0,BHP
1989-09-25,9.25,9.375,9.0,9.0,1.2867801189422607,3700.0,BIF
1989-09-25,3.5199999809265137,3.5199999809265137,3.359999895095825,3.359999895095825,2.842082977294922,230100.0,BIG
1989-09-25,6.0,6.125,6.0,6.083333492279053,6.083333492279053,18800.0,BIO
1989-09-25,6.426224231719972,6.442786693572997,6.376536846160889,6.4096617698669425,0.4160557389259337,2613500.0,BK
1989-09-25,12.61111068725586,12.666666984558105,12.55555534362793,12.61111068725586,2.702808618545532,13200.0,BKH
1989-09-25,21.5,21.5,21.125,21.25,9.270586967468262,176300.0,BKR
1989-09-25,0.0,2.4272379875183105,2.314343214035034,2.314343214035034,0.7980622053146362,500.0,BKSC
1989-09-25,9.125,9.125,9.0,9.125,0.8500725030899048,50500.0,BKT
1989-09-25,7.5,7.875,7.5,7.875,5.996798038482666,16400.0,BKTI
1989-09-25,1.9296875,1.9296875,1.8671875,1.8671875,0.004170421045273542,2044800.0,BLL
1989-09-25,1.4140625,1.4140625,1.4140625,1.4140625,0.002303955145180225,9600.0,BMI
1989-09-25,1.25,1.375,1.25,1.25,1.25,2700.0,BMRA
1989-09-25,4.125,4.125,4.125,4.125,1.7793370485305786,0.0,BMTC
1989-09-25,11.897212028503418,11.926955223083494,11.837726593017578,11.926955223083494,1.4282245635986328,4187900.0,BMY
1989-09-25,4.125,6.75,4.125,4.125,3.66507625579834,300.0,BNSO
1989-09-25,12.323232650756836,12.47474765777588,12.323232650756836,12.47474765777588,3.6155948638916016,210800.0,BOH
1989-09-25,2.34375,2.5,2.34375,2.34375,2.0989677906036377,1800.0,BOOM
1989-09-25,15.03125,15.125,15.03125,15.125,1.1311606168746948,897600.0,BP
1989-09-25,0.0,22.0,20.75,20.75,10.115845680236816,5300.0,BPOP
1989-09-25,27.5,27.625,27.375,27.375,0.7839207649230957,3900.0,BPT
1989-09-25,4.75,4.75,4.75,4.75,1.2343641519546509,1800.0,BRC
1989-09-25,4.423017978668213,4.423017978668213,4.423017978668213,4.423017978668213,3.285608053207397,0.0,BRID
1989-09-25,4.145833492279054,4.166666507720946,4.145833492279054,4.145833492279054,3.3925783634185787,3600.0,BRN
1989-09-25,0.2750000059604645,0.2750000059604645,0.2750000059604645,0.2750000059604645,0.00035120590473525226,0.0,BRO
1989-09-25,14.0,14.0,13.75,13.875,3.935903310775757,6300.0,BRT
1989-09-25,7.3125,7.4375,7.3125,7.3125,6.603306770324707,36000.0,BRY
1989-09-25,19.200000762939453,19.46666717529297,19.200000762939453,19.200000762939453,5.378682613372803,4500.0,BSET
1989-09-25,6.5,6.59375,6.5,6.53125,0.10346588492393494,2252800.0,BTI
1989-09-25,2.830359935760498,2.830359935760498,2.725450038909912,2.830359935760498,2.5576097965240483,32793.0,BXG
1989-09-25,120.0,120.0,120.0,120.0,28.73284721374512,0.0,BXMT
1989-09-25,4.67578125,4.67578125,4.67578125,4.67578125,0.8596926331520081,0.0,BXS
1989-09-25,22.721250534057614,22.721250534057614,22.306249618530273,22.513750076293945,17.325361251831055,88200.0,C
1989-09-25,1.1875,1.1875,1.15625,1.15625,1.15625,6400.0,CACI
1989-09-25,6.65802001953125,6.679636955261231,6.571552276611327,6.593169212341309,1.6264069080352783,305300.0,CAG
1989-09-25,3.0644147396087646,3.125096321105957,3.0644147396087646,3.0947556495666504,1.4627498388290403,486000.0,CAH
1989-09-25,8.566666603088379,8.566666603088379,8.566666603088379,8.566666603088379,2.7558727264404297,700.0,CAJ
1989-09-25,15.11111068725586,15.222222328186035,15.11111068725586,15.166666984558105,2.7764723300933842,69300.0,CAL
1989-09-25,0.625,0.625,0.625,0.625,0.625,2000.0,CAMP
1989-09-25,0.0,2.9761316776275635,2.8971192836761475,2.923456907272339,2.6761643886566158,117000.0,CAR
1989-09-25,2.25,2.25,2.1875,2.25,1.7287392616271973,89600.0,CASY
1989-09-25,7.71875,7.71875,7.671875,7.671875,1.366995096206665,980800.0,CAT
1989-09-25,2.1666667461395264,2.1666667461395264,2.1111111640930176,2.1111111640930176,0.6856833100318909,30600.0,CATO
1989-09-25,9.734379768371582,9.734379768371582,9.640620231628418,9.671879768371582,2.4535744190216064,860800.0,CB
1989-09-25,73.4375,74.375,73.125,73.125,21.922443389892575,4300.0,CBB
1989-09-25,5.135802268981934,5.185184955596924,5.061728477478027,5.086419582366943,3.0155558586120605,87000.0,CBRL
1989-09-25,4.726822376251222,4.770792484283447,4.704836845397949,4.704836845397949,2.4088330268859863,1900.0,CBSH
1989-09-25,8.90625,8.9375,8.84375,8.9375,1.6505651473999023,63600.0,CBT
1989-09-25,4.4375,4.4375,4.4375,4.4375,0.3451600670814514,0.0,CBU
1989-09-25,5.583333492279053,5.625,5.458333492279053,5.583333492279053,1.8335094451904297,1064700.0,CCEP
1989-09-25,17.66666603088379,17.66666603088379,17.25,17.33333396911621,14.60401439666748,92100.0,CCK
1989-09-25,5.96875,5.96875,5.84375,5.875,2.112714529037476,358400.0,CCL
1989-09-25,0.0,185.0,182.5,183.75,171.96754455566406,4700.0,CDE
1989-09-25,0.0,3.5833332538604736,3.527777671813965,3.5833332538604736,3.5833332538604736,340400.0,CDNS
1989-09-25,17.25,17.25,17.25,17.25,5.38419771194458,0.0,CDR
1989-09-25,421.875,421.875,421.875,421.875,421.875,0.0,CDZI
1989-09-25,0.0,2.1875,1.5625,1.5625,1.357921123504639,12500.0,CECE
1989-09-25,0.0,0.19921875,0.1953125,0.1953125,0.19383718073368075,89600.0,CERN
1989-09-25,0.0,10.25,10.125,10.125,1.1520527601242063,900.0,CET
1989-09-25,0.0,4.5,4.4375,4.4375,1.632163643836975,18800.0,CFR
1989-09-25,0.0,0.375,0.36328125,0.36328125,0.2959548532962799,195200.0,CGNX
1989-09-25,11.26972198486328,11.26972198486328,11.26972198486328,11.26972198486328,4.437946796417236,0.0,CHCO
1989-09-25,1.1875,1.2083333730697632,1.1666666269302368,1.2083333730697632,0.07181233167648315,682800.0,CHD
1989-09-25,19.0,19.0625,19.0,19.0,3.841898679733277,2000.0,CHE
1989-09-25,6.75,6.777777671813965,6.736111164093018,6.736111164093018,2.747516870498657,697500.0,CI
1989-09-25,2.4799518585205083,2.4799518585205083,2.4799518585205083,2.4799518585205083,2.4799518585205083,5200.0,CIA
1989-09-25,8.5,8.5,8.25,8.25,0.3096641004085541,25700.0,CIF
1989-09-25,8.25,8.25,8.125,8.125,0.3996971249580383,13400.0,CIK
1989-09-25,0.0,7.450027942657472,7.427175045013428,7.438601493835449,2.9374692440032963,229500.0,CINF
1989-09-25,3.625,3.6484375,3.6171875,3.6328125,0.21407540142536166,2264000.0,CL
1989-09-25,0.0,742.5,697.5,742.5,742.5,0.0,CLDX
1989-09-25,3.890625,3.90625,3.875,3.890625,-0.008285780437290668,24800.0,CLF
1989-09-25,6.25,6.25,6.25,6.25,6.25,2800.0,CLFD
1989-09-25,0.0,8.125,7.5,7.5,7.5,101400.0,CLH
1989-09-25,0.0,2.0,1.9375,1.9375,1.7890576124191284,7000.0,CLRO
1989-09-25,10.40625,10.40625,10.28125,10.28125,1.94299578666687,271600.0,CLX
1989-09-25,0.0,12.55555534362793,12.38888931274414,12.38888931274414,3.106122732162476,924300.0,CMA
1989-09-25,1.9921875,2.00390625,1.9921875,1.9921875,0.14461186528205872,9600.0,CMC
1989-09-25,162.5,162.5,162.5,162.5,119.90292358398438,0.0,CMCL
1989-09-25,1.9259259700775144,1.9351851940155032,1.9166666269302368,1.9166666269302368,1.376357913017273,1534200.0,CMCSA
1989-09-25,0.0,1.086419701576233,1.086419701576233,1.086419701576233,1.0325855016708374,900.0,CMD
1989-09-25,7.09375,7.28125,7.0625,7.09375,0.6685903072357178,634400.0,CMI
1989-09-25,31.77777862548828,31.77777862548828,31.11111068725586,31.11111068725586,1.0376012325286863,23400.0,CMO
1989-09-25,34.25,34.5,34.0,34.25,13.070475578308105,79800.0,CMS
1989-09-25,7.625,7.625,7.5,7.625,4.101710319519043,12800.0,CMT
1989-09-25,0.0,1.1111111640930176,0.7407407164573669,0.7407407164573669,0.527468740940094,2700.0,CMTL
1989-09-25,9.625,9.625,9.5,9.625,1.1430752277374268,11300.0,CMU
1989-09-25,28.58333396911621,28.66666603088379,28.25,28.25,21.00699234008789,57600.0,CNA
1989-09-25,5.0,5.0,5.0,5.0,2.648966789245605,0.0,CNBKA
1989-09-25,0.0,2.0,1.85185182094574,1.85185182094574,1.6196048259735107,19000.0,CNMD
1989-09-25,14.278312683105467,14.278312683105467,14.172937393188475,14.225625038146973,0.9360687732696532,558700.0,CNP
1989-09-25,0.0,8.5,8.375,8.375,8.199827194213867,50800.0,COHR
1989-09-25,1.390625,1.390625,1.390625,1.390625,0.8164470195770264,3200.0,COHU
1989-09-25,0.0,28.0,28.0,28.0,14.683771133422852,400.0,COKE
1989-09-25,4.6875,4.875,4.6875,4.875,4.719762802124023,55200.0,COO
1989-09-25,10.19598388671875,10.19598388671875,9.910115242004396,10.05305004119873,1.5115245580673218,1896800.0,COP
1989-09-25,10.5,10.625,10.5,10.5625,7.702112674713135,204800.0,COST
1989-09-25,11.125,11.1875,11.0625,11.125,5.136478900909424,498200.0,CP
1989-09-25,11.75,11.75,11.5,11.59375,3.915098428726196,507600.0,CPB
1989-09-25,0.0,126.25,122.5,126.25,99.52000427246094,100.0,CPF
1989-09-25,0.0,9.666666984558104,9.0,9.666666984558104,1.3360803127288818,2400.0,CPK
1989-09-25,9.740740776062012,9.777777671813963,9.592592239379883,9.666666984558104,3.661777257919312,240300.0,CR
1989-09-25,126.0,127.0,126.0,127.0,2.193505048751831,100.0,CRF
1989-09-25,0.0,3.400000095367432,3.400000095367432,3.400000095367432,0.0015441724099218845,500.0,CRH
1989-09-25,0.0,61.25,60.0,61.25,57.9254150390625,700.0,CRK
1989-09-25,0.0,1.1666666269302368,0.9166666865348816,0.9166666865348816,0.9166666865348816,100.0,CRMT
1989-09-25,12.375,12.375,12.3125,12.3125,1.4826551675796509,23600.0,CRS
1989-09-25,0.0,6.875,6.625,6.625,6.625,67200.0,CRUS
1989-09-25,5.0,5.0,4.984375,4.984375,0.7309956550598145,8800.0,CSL
1989-09-25,0.0,4.6957173347473145,4.6957173347473145,4.6957173347473145,2.9314887523651123,500.0,CSPI
1989-09-25,0.0,5.375,5.375,5.375,2.1071844100952153,2800.0,CSWC
1989-09-25,2.9375,2.9479167461395264,2.8958332538604736,2.9166667461395264,1.316955804824829,2002800.0,CSX
1989-09-25,0.0,4.55555534362793,4.44444465637207,4.55555534362793,3.3714048862457275,115200.0,CTAS
1989-09-25,8.75,8.8125,8.625,8.625,4.4264116287231445,345200.0,CTB
1989-09-25,0.0,6.38596773147583,5.9298272132873535,5.9298272132873535,1.9084852933883667,900.0,CTBI
1989-09-25,5.8125,5.8125,5.6875,5.6875,4.776114463806152,6200.0,CTG
1989-09-25,9.407407760620117,9.407407760620117,9.222222328186037,9.222222328186037,2.569357395172119,70300.0,CTL
1989-09-25,21.1875,21.1875,21.1875,21.1875,14.046672821044922,0.0,CTO
1989-09-25,4.125,4.125,4.104166507720946,4.125,0.14106182754039764,19200.0,CTS
1989-09-25,4.1388888359069815,4.1388888359069815,3.944444417953491,3.972222328186035,1.2305177450180054,30000.0,CUB
1989-09-25,0.0,4.933333396911621,4.800000190734863,4.800000190734863,3.693145036697388,60400.0,CULP
1989-09-25,0.0,8.875,8.75,8.75,8.75,600.0,CUO
1989-09-25,0.0,33.40390396118164,33.40390396118164,33.40390396118164,12.64354419708252,200.0,CUZ
1989-09-25,0.0,2.645025491714477,2.1702773571014404,2.645025491714477,0.7460228204727173,59500.0,CVBF
1989-09-25,0.0,937.5,937.5,937.5,937.3706665039062,0.0,CVM
1989-09-25,12.1875,12.1875,12.1875,12.1875,2.548600196838379,0.0,CVR
1989-09-25,12.21875,12.25,12.1875,12.21875,2.3749759197235107,700400.0,CVS
1989-09-25,14.71875,14.75,14.5625,14.59375,1.80780565738678,1395600.0,CVX
1989-09-25,7.421875,7.421875,7.375,7.375,0.4068964421749115,12800.0,CW
1989-09-25,0.0,6.4375,6.375,6.4375,0.2443363815546036,6400.0,CWT
1989-09-25,9.5,9.625,9.5,9.5,1.1169167757034302,24400.0,CXE
1989-09-25,11.875,12.0,11.75,11.875,1.8021966218948364,16000.0,CXH
1989-09-25,1.3236124515533447,1.3371187448501587,1.3236124515533447,1.3371187448501587,0.9821472764015198,123000.0,CY
1989-09-25,0.0,2.8888888359069824,2.6666667461395264,2.6666667461395264,2.6666667461395264,16800.0,CYBE
1989-09-25,19.75,19.75,19.5,19.625,19.46074676513672,7700.0,CYH
1989-09-25,14.625,14.666666984558105,14.583333015441895,14.583333015441895,1.105368971824646,170000.0,D
1989-09-25,0.0,4.875,4.625,4.625,4.625,13800.0,DAIO
1989-09-25,7.925925731658935,7.975308418273926,7.851851940155028,7.851851940155028,3.6973397731781006,122400.0,DBD
1989-09-25,0.8854166865348816,0.90625,0.8854166865348816,0.90625,0.04473163560032845,345600.0,DCI
1989-09-25,2.9166667461395264,3.0,2.9166667461395264,3.0,2.8733296394348145,22300.0,DCO
1989-09-25,31.54914665222168,31.7072868347168,31.31193542480469,31.31193542480469,7.680248737335205,1993100.0,DD
1989-09-25,0.0,7.625,7.375,7.375,7.375,27000.0,DDD
1989-09-25,24.5,24.54166603088379,23.91666603088379,24.04166603088379,19.86875343322754,145800.0,DDS
1989-09-25,10.083333015441896,10.083333015441896,9.979166984558104,10.020833015441896,1.1854151487350464,477000.0,DE
1989-09-25,0.0,2.21484375,2.1357421875,2.1357421875,0.8539603948593141,3200.0,DGICB
1989-09-25,0.7759192585945129,0.7759192585945129,0.7522270679473877,0.7522270679473877,0.3585224449634552,1386500.0,DHR
1989-09-25,0.0,0.39506173133850103,0.39506173133850103,0.39506173133850103,0.39506173133850103,2200.0,DIOD
1989-09-25,9.6903076171875,9.793067932128906,9.608098983764648,9.731411933898926,5.577578067779541,2864600.0,DIS
1989-09-25,14.25,14.25,14.25,14.25,14.25,0.0,DJCO
1989-09-25,0.0,22.75,21.0,21.0,21.0,0.0,DLHC
1989-09-25,25.78387451171875,25.78387451171875,25.48406219482422,25.48406219482422,6.799639701843263,109400.0,DLX
1989-09-25,0.0,10.0,9.875,9.875,1.3725686073303225,15800.0,DMF
1989-09-25,8.25,8.25,8.125,8.125,0.7418196201324463,270400.0,DNP
1989-09-25,5.760696887969972,5.760696887969972,5.614060878753662,5.635008811950684,1.4365053176879885,439100.0,DOV
1989-09-25,11.024999618530273,11.287500381469727,11.024999618530273,11.287500381469727,1.5476711988449097,4000.0,DRE
1989-09-25,21.75,22.125,21.75,22.0,4.157560348510741,461500.0,DTE
1989-09-25,22.336030960083008,22.3905086517334,22.227075576782227,22.227075576782227,6.1122236251831055,385700.0,DUK
1989-09-25,0.0,4.3125,4.1875,4.3125,3.196027994155884,4600.0,DVN
1989-09-25,15.75,16.5,15.75,15.75,7.6475467681884775,10400.0,DX
1989-09-25,4.253966808319092,4.264317035675049,4.233266353607179,4.243616580963135,2.34706974029541,496200.0,DXC
1989-09-25,0.0,2.1666667461395264,1.9444444179534912,2.1666667461395264,2.1666667461395264,31200.0,DXLG
1989-09-25,0.0,4.125,3.875,4.125,2.6427130699157715,7000.0,DXR
1989-09-25,0.0,18.5,18.5,18.5,15.492505073547365,1500.0,DXYN
1989-09-25,0.0,4.666666507720947,4.44444465637207,4.592592716217041,4.592592716217041,62700.0,DY
1989-09-25,0.0,5.9375,5.625,5.625,5.625,1800.0,DYNT
1989-09-25,0.0,0.4765625,0.46875,0.46875,0.46875,3072000.0,EA
1989-09-25,2.52400541305542,2.578875064849853,2.513031482696533,2.578875064849853,1.7310041189193726,194400.0,EAT
1989-09-25,14.0,14.166666984558105,13.833333015441895,14.0,3.47062349319458,31000.0,EBF
1989-09-25,0.0,27.77777862548828,25.55555534362793,26.11111068725586,24.33123779296875,4500.0,EBIX
1989-09-25,0.0,7.75,7.625,7.625,0.76396644115448,10200.0,ECF
1989-09-25,3.5625,3.609375,3.546875,3.578125,0.8365503549575806,324800.0,ECL
1989-09-25,0.0,5.666666507720947,5.583333492279053,5.666666507720947,3.638637065887451,12000.0,ECOL
1989-09-25,25.25,25.25,24.75,24.875,4.829167366027832,547000.0,ED
1989-09-25,0.265625,0.265625,0.265625,0.265625,0.04481712356209755,0.0,EDUC
1989-09-25,8.375009536743164,8.874990463256836,8.375009536743164,8.874990463256836,6.905000686645508,143100.0,EE
1989-09-25,12.5,12.5,11.0,12.0,2.4032156467437744,463600.0,EEA
1989-09-25,9.1875,9.25,9.1875,9.1875,2.684888362884521,66000.0,EFX
1989-09-25,0.0,14.5,14.25,14.333333015441895,1.2790689468383791,4200.0,EGP
1989-09-25,14.375,14.375,14.166666984558105,14.270833015441895,12.362689971923828,77300.0,EHC
1989-09-25,18.25,18.3125,18.1875,18.1875,4.2562336921691895,397200.0,EIX
1989-09-25,1.9166666269302368,1.9166666269302368,1.9166666269302368,1.9166666269302368,0.7144026756286621,0.0,ELSE
1989-09-25,0.0,13.625,13.5,13.625,1.0362825393676758,34300.0,EMF
1989-09-25,0.0,6.037036895751952,6.037036895751952,6.037036895751952,1.5293076038360596,600.0,EML
1989-09-25,8.75,8.8125,8.71875,8.78125,1.5691955089569092,826000.0,EMR
1989-09-25,3.0640985965728764,3.0640985965728764,3.0640985965728764,3.0640985965728764,0.0026195005048066373,0.0,ENB
1989-09-25,3.2869012355804443,3.3757362365722656,3.198065996170044,3.3757362365722656,3.3757362365722656,13400.0,ENZ
1989-09-25,40.5,41.0,40.0,40.0,12.702082633972168,3700.0,EQC
1989-09-25,3.5270369052886963,3.5270369052886963,3.4476501941680913,3.515695810317993,0.07449381798505783,110900.0,EQT
1989-09-25,0.0,3.7578125,3.73828125,3.7421875,2.2178030014038086,1398400.0,ERIC
1989-09-25,20.875,21.125,20.875,21.125,5.993823051452638,104500.0,ES
1989-09-25,2.643228530883789,2.643228530883789,2.643228530883789,2.643228530883789,0.792255163192749,0.0,ESBK
1989-09-25,0.0,1.7753623723983765,1.7753623723983765,1.7753623723983765,1.0222268104553225,10200.0,ESCA
1989-09-25,0.0,11.5625,11.4375,11.4375,2.0351884365081787,1200.0,ESP
1989-09-25,6.873810768127441,6.887368679046631,6.819579601287843,6.819579601287843,0.17059558629989624,604800.0,ETN
1989-09-25,21.75,21.875,21.625,21.875,5.400450229644775,439800.0,ETR
1989-09-25,0.0,0.7421875,0.71875,0.734375,0.006071692332625389,92800.0,EV
1989-09-25,24.125,24.25,23.75,24.0,4.533208847045898,18900.0,EVRG
1989-09-25,11.25,11.25,11.1875,11.1875,2.662960290908813,2132800.0,EXC
1989-09-25,0.0,0.828125,0.828125,0.828125,0.6170358657836914,80000.0,EXPD
1989-09-25,9.397527694702148,9.44314670562744,9.283479690551758,9.283479690551758,0.29996606707572937,3667100.0,F
1989-09-25,8.149999618530272,8.149999618530272,8.149999618530272,8.149999618530272,5.0646324157714835,0.0,FARM
1989-09-25,0.0,0.2265625,0.22265625,0.2265625,0.15772515535354614,166400.0,FAST
1989-09-25,9.0,9.0625,9.0,9.0,0.5946123003959656,83300.0,FAX
1989-09-25,0.0,3.6111111640930176,3.6111111640930176,3.6111111640930176,1.5142769813537598,1300.0,FBNC
1989-09-25,0.0,7.777777671813965,7.777777671813965,7.777777671813965,6.4120306968688965,300.0,FBP
1989-09-25,0.0,28.5,28.0,28.5,21.329137802124023,3000.0,FCNCA
1989-09-25,13.5,13.6875,13.46875,13.5,12.01794719696045,518400.0,FDX
1989-09-25,7.0,7.0,7.0,7.0,5.615651607513428,1500.0,FEIM
1989-09-25,0.0,4.09375,4.09375,4.09375,0.7519137263298035,16000.0,FELE
1989-09-25,9.61097526550293,9.61097526550293,9.61097526550293,9.61097526550293,2.788344383239746,0.0,FFBC
1989-09-25,0.0,4.357744693756104,4.298049449920653,4.317947864532472,0.6216596961021423,60200.0,FHN
1989-09-25,0.9629629850387572,0.9629629850387572,0.9629629850387572,0.9629629850387572,0.8615649938583374,0.0,FICO
1989-09-25,0.0,0.5212619900703429,0.5102880597114563,0.5102880597114563,0.5102880597114563,437200.0,FISV
1989-09-25,0.0,5.201646327972412,5.135802268981934,5.135802268981934,2.3549058437347408,118300.0,FITB
1989-09-25,32.25,32.3125,32.0625,32.0625,16.088201522827152,236400.0,FL
1989-09-25,1.613168716430664,1.613168716430664,1.613168716430664,1.613168716430664,0.6641749143600464,0.0,FLIC
1989-09-25,0.7413504123687744,0.7462276816368103,0.7413504123687744,0.7462276816368103,0.2044091671705246,528700.0,FLO
1989-09-25,3.4375,3.4375,3.3125,3.4375,3.4375,17200.0,FLOW
1989-09-25,0.0,4.055555343627931,3.972222328186035,3.972222328186035,1.3428049087524414,406200.0,FLS
1989-09-25,0.0,13.0,12.5,12.75,4.496200084686278,24900.0,FLXS
1989-09-25,0.0,10.453332901000977,10.34666633605957,10.453332901000977,4.967705249786377,8000.0,FMBI
1989-09-25,10.136600494384766,10.136600494384766,9.973980903625488,9.973980903625488,3.990642070770264,64500.0,FMC
1989-09-25,0.0,8.77018928527832,8.18550968170166,8.18550968170166,1.240196943283081,1100.0,FNB
1989-09-25,15.55555534362793,15.55555534362793,15.166666984558105,15.166666984558105,9.04474639892578,253000.0,FOE
1989-09-25,0.0,16.40625,12.5,16.40625,16.395301818847653,4100.0,FONR
1989-09-25,3.320204257965088,3.320204257965088,3.320204257965088,3.320204257965088,2.9177558422088623,0.0,FRBK
1989-09-25,0.0,2.455652952194214,2.455652952194214,2.455652952194214,0.6238424777984619,1100.0,FRD
1989-09-25,6.334808826446532,6.334808826446532,6.334808826446532,6.334808826446532,2.407044649124145,0.0,FRME
1989-09-25,0.0,5.166666507720947,5.166666507720947,5.166666507720947,4.310312747955321,1200.0,FRPH
1989-09-25,24.75,24.875,24.375,24.375,4.881276607513428,7400.0,FRT
1989-09-25,6.0,6.05555534362793,6.0,6.05555534362793,3.056569576263428,304900.0,FSS
1989-09-25,0.0,5.25,5.125,5.125,4.980081081390381,2700.0,FSTR
1989-09-25,9.0,9.25,9.0,9.125,0.6824472546577454,17500.0,FT
1989-09-25,0.0,107.28699493408205,103.7808837890625,107.28699493408205,24.37890434265137,2800.0,FTR
1989-09-25,0.0,4.375,4.25,4.25,1.2081390619277954,156400.0,FUL
1989-09-25,0.0,5.96774959564209,5.96774959564209,5.96774959564209,2.1027541160583496,300.0,FULT
1989-09-25,6.5625,6.5625,6.4375,6.4375,0.43872031569480896,12600.0,FUN
1989-09-25,4.5,4.5,4.5,4.5,0.6354933977127075,0.0,FUND
1989-09-25,11.549796104431152,11.655757904052734,11.44383430480957,11.655757904052734,0.5032358169555664,72000.0,GAB
1989-09-25,18.5,18.875,18.375,18.625,1.842638611793518,34500.0,GAM
1989-09-25,16.0625,16.3125,16.0625,16.25,3.997925519943237,116800.0,GATX
1989-09-25,0.0,1.0655845403671265,1.0253738164901731,1.0454791784286501,0.2371503859758377,6900.0,GBCI
1989-09-25,21.75,22.125,21.6875,22.0,5.642239093780518,659400.0,GCI
1989-09-25,8.5,8.5,8.25,8.375,8.375,106900.0,GCO
1989-09-25,7.171875,7.1875,7.125,7.140625,0.5369278192520142,710400.0,GD
1989-09-25,4.4871792793273935,4.4871792793273935,4.417067527770996,4.4370994567871085,0.2263781279325485,9993900.0,GE
1989-09-25,1.25,1.3636363744735718,1.25,1.3636363744735718,1.1683489084243774,57600.0,GFF
1989-09-25,0.0,10.335917472839355,10.228251457214355,10.228251457214355,4.493534564971924,126800.0,GFI
1989-09-25,0.5304069519042969,0.5304069519042969,0.5267489552497864,0.5267489552497864,0.0005810738075524569,14700.0,GGG
1989-09-25,0.0,174.92446899414062,174.47129821777344,174.5468292236328,89.5744400024414,12000.0,GHC
1989-09-25,0.0,4.833333492279053,4.733333110809326,4.733333110809326,2.0835654735565186,36400.0,GHM
1989-09-25,8.5,8.625,8.5,8.625,0.6737536787986755,145300.0,GIM
1989-09-25,7.128562450408936,7.128562450408936,7.02524995803833,7.063992023468018,0.5264245271682739,1078000.0,GIS
1989-09-25,6.629629611968994,6.629629611968994,6.5,6.537036895751952,1.374058485031128,147100.0,GL
1989-09-25,22.1875,22.1875,22.1875,22.1875,7.409780502319336,6200.0,GLT
1989-09-25,6.5625,6.583333492279053,6.4375,6.4375,1.9703332185745241,976800.0,GLW
1989-09-25,0.0,0.375,0.37109375,0.375,0.2591993510723114,240000.0,GNTX
1989-09-25,6.09375,6.34375,6.0625,6.3125,2.2494606971740723,705200.0,GOLD
1989-09-25,17.83333396911621,17.83333396911621,17.55555534362793,17.55555534362793,5.681170463562013,231900.0,GPC
1989-09-25,2.1388888359069824,2.1851851940155034,2.092592477798462,2.092592477798462,0.5399250388145447,4587300.0,GPS
1989-09-25,0.0,31.5,30.5,31.0,30.64561653137207,3600.0,GPX
1989-09-25,34.5,34.5,33.875,34.125,6.4741458892822275,426900.0,GRA
1989-09-25,0.0,3.822933435440064,3.822933435440064,3.822933435440064,0.5760959982872009,2500.0,GRC
1989-09-25,0.625,0.625,0.625,0.625,0.44893133640289307,0.0,GROW
1989-09-25,12.3125,12.3125,12.1875,12.25,3.1321935653686523,723000.0,GSK
1989-09-25,26.6875,26.6875,25.9375,26.0,15.678311347961426,691600.0,GT
1989-09-25,15.516337394714355,15.516337394714355,15.516337394714355,15.516337394714355,3.1211168766021733,3400.0,GTY
1989-09-25,0.0,0.5,0.4375,0.5,0.5,17400.0,GV
1989-09-25,14.65625,14.6875,14.59375,14.625,7.371333122253418,237600.0,GWW
1989-09-25,9.053594589233398,9.113158226013184,8.99403190612793,9.053594589233398,2.245166063308716,858000.0,HAL
1989-09-25,0.0,10.5,8.25,8.25,8.25,1100.0,HALL
1989-09-25,6.370370388031006,6.5185184478759775,6.333333492279053,6.407407283782959,3.676023960113525,774900.0,HAS
1989-09-25,0.0,7.8574771881103525,7.76716136932373,7.812319278717041,2.449838638305664,205100.0,HBAN
1989-09-25,0.0,1.1193416118621826,1.0973936319351196,1.1193416118621826,0.7252472639083862,51900.0,HCSG
1989-09-25,1.691357970237732,1.6975308656692505,1.6790122985839844,1.691357970237732,0.9797751903533936,1315800.0,HD
1989-09-25,16.625,16.6875,16.5625,16.625,1.1364414691925049,22600.0,HE
1989-09-25,0.0,0.3826384246349335,0.3786526024341583,0.3826384246349335,0.005787688307464123,53800.0,HEI
1989-09-25,0.0,3.3125,3.2708332538604736,3.2916667461395264,3.2916667461395264,229200.0,HELE
1989-09-25,14.0,14.0,13.833333015441895,13.875,5.9394402503967285,249000.0,HES
1989-09-25,0.0,1.9140625,1.90625,1.9140625,0.0046744230203330525,25600.0,HFC
1989-09-25,4.666666507720947,4.666666507720947,4.666666507720947,4.666666507720947,2.32417631149292,0.0,HIFS
1989-09-25,14.875,15.125,14.625,14.625,13.911266326904295,254300.0,HL
1989-09-25,6.9375,7.03125,6.9375,6.96875,3.30143404006958,171600.0,HMC
1989-09-25,0.0,10.0,9.875,9.875,4.612795352935791,800.0,HMG
1989-09-25,3.75,3.75,3.75,3.75,3.75,0.0,HNGR
1989-09-25,0.0,7.375,7.125,7.3125,3.0645427703857417,117200.0,HNI
1989-09-25,1.109375,1.171875,1.10546875,1.16015625,0.6716158986091614,2995200.0,HOG
1989-09-25,9.17618179321289,9.205974578857422,9.116596221923828,9.116596221923828,2.517897844314575,487000.0,HON
1989-09-25,0.0,131.25,120.3125,121.875,121.875,1800.0,HOV
1989-09-25,7.25,7.25,7.125,7.125,1.808245658874512,105600.0,HP
1989-09-25,2.909286975860596,2.9305744171142583,2.902191162109375,2.902191162109375,0.2883695662021637,3519600.0,HPQ
1989-09-25,8.5,8.875,8.5,8.625,0.6900743842124939,75500.0,HQH
1989-09-25,4.125,4.15625,4.125,4.125,0.37295934557914734,1193600.0,HRB
1989-09-25,9.960637092590332,9.960637092590332,9.82648754119873,9.82648754119873,4.33866548538208,52900.0,HRC
1989-09-25,0.0,1.7890625,1.78125,1.7890625,0.1036965623497963,131200.0,HRL
1989-09-25,570.0,570.0,550.0,550.0,550.0,100.0,HRTX
1989-09-25,6.46875,6.5,6.40625,6.40625,2.7184977531433105,46000.0,HSC
1989-09-25,32.6002197265625,32.709251403808594,32.16409683227539,32.273128509521484,2.23526930809021,356200.0,HST
1989-09-25,8.21875,8.25,8.0625,8.125,1.9219529628753664,318400.0,HSY
1989-09-25,0.7043882608413696,0.7043882608413696,0.7043882608413696,0.7043882608413696,0.5067192912101746,0.0,HTLD
1989-09-25,16.762563705444336,16.865400314331055,16.711143493652347,16.865400314331055,5.212209701538086,7200.0,HUBB
1989-09-25,24.66666603088379,24.66666603088379,24.5,24.58333396911621,6.047098636627197,300900.0,HUM
1989-09-25,19.75,20.0,19.75,19.75,17.28877067565918,23200.0,HURC
1989-09-25,0.0,3.8333332538604736,3.75,3.75,1.5023396015167236,10400.0,HVT
1989-09-25,5.0,5.0,5.0,5.0,2.5433967113494877,0.0,HWKN
1989-09-25,22.25,22.25,21.75,22.0,18.64471244812012,64700.0,HXL
1989-09-25,33.125,34.375,33.125,33.75,1.1214686632156372,31500.0,HYB
1989-09-25,10.5,10.625,10.25,10.5,0.7589951157569885,42900.0,IAF
1989-09-25,29.1875,29.46875,29.03125,29.0625,7.025852680206299,4562000.0,IBM
1989-09-25,0.0,66.875,65.0,65.0,65.0,1500.0,ICAD
1989-09-25,0.0,9.375,6.25,6.25,6.25,4700.0,ICCC
1989-09-25,27.125,27.125,27.0,27.0,6.33378791809082,4900.0,IDA
1989-09-25,0.0,8.125,7.875,7.875,6.600348472595215,138600.0,IDCC
1989-09-25,12.763611793518065,12.763611793518065,12.520495414733887,12.520495414733887,3.0500578880310063,16800.0,IEP
1989-09-25,3.1358025074005127,3.1358025074005127,3.0864198207855225,3.0864198207855225,1.5644501447677612,110700.0,IEX
1989-09-25,21.83333396911621,21.83333396911621,21.25,21.25,9.693793296813963,195300.0,IFF
1989-09-25,0.0,3.6458332538604736,3.2986111640930176,3.6458332538604736,2.901024341583252,4000.0,IHC
1989-09-25,15.125,15.375,15.125,15.375,5.857917308807372,2000.0,IHT
1989-09-25,4.875,4.875,4.875,4.875,3.630950927734375,1800.0,IIN
1989-09-25,0.0,0.4296875,0.4296875,0.4296875,0.4296875,8000.0,IIVI
1989-09-25,0.0,9.875,9.625,9.875,2.805661678314209,14100.0,IMKTA
1989-09-25,0.0,3.75,3.5,3.5,3.5,4900.0,IMMU
1989-09-25,5.55555534362793,5.55555534362793,5.541666507720947,5.541666507720947,0.13016819953918454,72000.0,IMO
1989-09-25,11.0,11.0,11.0,11.0,5.609924793243408,0.0,INDB
1989-09-25,0.0,2.375,2.25,2.375,2.0065751075744633,2800.0,INS
1989-09-25,20.125,20.125,19.875,20.125,2.417543172836304,5300.0,INSI
1989-09-25,0.0,1.6666666269302368,1.6388888359069824,1.6388888359069824,0.6138085126876831,79600.0,INT
1989-09-25,0.9921875,1.0078125,0.984375,0.99609375,0.6265345811843872,32144000.0,INTC
1989-09-25,0.0,4.407407283782959,4.407407283782959,4.407407283782959,4.407407283782959,2200.0,INTG
1989-09-25,0.0,4.166666507720946,4.083333492279054,4.083333492279054,2.0269875526428223,1200.0,IOR
1989-09-25,27.058677673339844,27.30522727966309,26.99704170227051,27.058677673339844,9.240193367004396,663700.0,IP
1989-09-25,0.0,0.5401234626770021,0.5246913433074951,0.5246913433074951,0.4004807472229004,25200.0,IPAR
1989-09-25,5.979166507720947,5.979166507720947,5.875,5.916666507720947,2.3195927143096924,78000.0,IPG
1989-09-25,6.156815528869629,6.156815528869629,6.0070552825927725,6.056975364685059,1.2454379796981812,690300.0,IR
1989-09-25,0.0,8.0,8.0,8.0,5.726097106933594,500.0,ITIC
1989-09-25,5.375,5.421875,5.375,5.375,1.6493909358978271,881600.0,ITW
1989-09-25,0.0,3.21875,3.125,3.125,2.910245418548584,48000.0,IVC
1989-09-25,1.453125,1.46875,1.453125,1.46875,1.4247374534606934,27200.0,J
1989-09-25,0.0,3.3333332538604736,3.25,3.2708332538604736,2.3728013038635254,517600.0,JBHT
1989-09-25,11.972042083740234,12.037107467651367,11.874444007873535,11.972042083740234,1.6870651245117188,93300.0,JCI
1989-09-25,33.9375,33.9375,33.625,33.625,15.37451457977295,490200.0,JCP
1989-09-25,0.0,4.375,4.25,4.25,1.3400484323501587,35800.0,JCS
1989-09-25,1.519522190093994,1.519522190093994,1.5005282163619995,1.5005282163619995,0.42090386152267456,42000.0,JEF
1989-09-25,20.375,20.875,20.375,20.625,1.6755545139312744,5200.0,JHI
1989-09-25,15.625,15.625,15.375,15.375,1.596397876739502,6100.0,JHS
1989-09-25,0.0,7.375,7.0625,7.0625,5.9216485023498535,32800.0,JJSF
1989-09-25,0.0,0.0902777761220932,0.0902777761220932,0.0902777761220932,0.03892335668206215,2800.0,JKHY
1989-09-25,10.75,10.75,10.5,10.625,0.913046658039093,5700.0,JMM
1989-09-25,6.53125,6.59375,6.5,6.53125,1.6312358379364014,3904800.0,JNJ
1989-09-25,0.0,12.561245918273926,12.561245918273926,12.561245918273926,9.92375373840332,100.0,JOB
1989-09-25,0.0,24.0,23.75,23.75,21.81758689880371,13300.0,JOUT
1989-09-25,12.75,12.958333015441895,12.75,12.958333015441895,2.1093599796295166,389700.0,JPM
1989-09-25,9.625,9.6875,9.4375,9.4375,3.37099838256836,732800.0,JWN
1989-09-25,18.1875,18.1875,17.875,18.03125,5.527593612670898,628400.0,K
1989-09-25,0.0,13.0,12.875,13.0,5.174572944641113,16200.0,KAMN
1989-09-25,0.0,8.489460945129395,8.489460945129395,8.489460945129395,3.1677086353302,2000.0,KBAL
1989-09-25,9.875,9.875,9.625,9.625,4.463426113128662,116000.0,KBH
1989-09-25,0.0,32.200000762939446,31.79999923706055,32.200000762939446,18.017417907714844,800.0,KELYA
1989-09-25,8.625,8.625,8.625,8.625,4.096428394317627,0.0,KEQU
1989-09-25,0.0,4.1875,3.9375,4.125,4.125,414200.0,KEX
1989-09-25,7.95297384262085,7.95297384262085,7.883817195892334,7.883817195892334,1.0041341781616209,78000.0,KEY
1989-09-25,390.0,397.5,387.5,395.0,15.584211349487305,8400.0,KF
1989-09-25,0.0,11.625,10.875,10.875,10.37482738494873,1300.0,KGC
1989-09-25,0.0,3.125,3.0625,3.09375,1.7401574850082395,72800.0,KLAC
1989-09-25,0.0,2.0,1.96875,2.0,1.9166570901870728,20000.0,KLIC
1989-09-25,15.699904441833494,15.789789199829102,15.699904441833494,15.729866027832033,3.881730794906616,598600.0,KMB
1989-09-25,8.6875,8.6875,8.625,8.6875,1.9948943853378296,15200.0,KMT
1989-09-25,3.8984375,4.03125,3.8671875,3.9375,0.7934183478355408,12844800.0,KO
1989-09-25,0.0,1.03125,1.03125,1.03125,0.5929630994796753,1200.0,KOSS
1989-09-25,2.3125,2.328125,2.265625,2.28125,1.5709378719329834,1850400.0,KR
1989-09-25,11.625,11.75,11.625,11.625,1.5011658668518066,7900.0,KSM
1989-09-25,8.416666984558105,8.416666984558105,8.3125,8.333333015441895,2.412296772003174,321600.0,KSU
1989-09-25,0.0,6.375,6.125,6.125,6.125,16000.0,KTCC
1989-09-25,11.5,11.5,11.375,11.375,1.5634530782699585,20100.0,KTF
1989-09-25,14.583333015441895,14.583333015441895,14.583333015441895,14.583333015441895,5.340577602386475,0.0,KWR
1989-09-25,9.947916984558104,10.03125,9.927083015441896,10.010416984558104,2.431872129440308,1522800.0,L
1989-09-25,0.0,2.8174304962158203,2.646677255630493,2.7320537567138667,2.7320537567138667,17400.0,LAKE
1989-09-25,0.0,5.8125,5.6875,5.75,2.513737440109253,84100.0,LANC
1989-09-25,0.0,23.25,22.75,23.0,14.141873359680176,21700.0,LAWS
1989-09-25,9.304940223693848,9.550615310668944,9.243521690368652,9.243521690368652,2.313746929168701,1355000.0,LB
1989-09-25,0.78125,0.875,0.78125,0.78125,0.5773794054985046,0.0,LCII
1989-09-25,0.0,6.020833492279053,6.0,6.020833492279053,6.020833492279053,2400.0,LDL
1989-09-25,15.9375,16.0,15.9375,15.9375,9.26431369781494,2600.0,LEE
1989-09-25,4.21875,4.21875,4.1875,4.203125,0.8457395434379578,26400.0,LEG
1989-09-25,3.584890127182007,3.584890127182007,3.52343487739563,3.52343487739563,0.7990312576293945,87800.0,LEN
1989-09-25,10.5,10.5,10.25,10.5,1.4009499549865725,43300.0,LEO
1989-09-25,0.0,16.681901931762695,16.605728149414062,16.605728149414062,6.680463790893555,4400.0,LGL
1989-09-25,8.709875106811522,8.739399909973145,8.591774940490723,8.591774940490723,1.5738089084625244,426700.0,LHX
1989-09-25,15.34375,15.34375,15.0,15.03125,3.0461678504943848,1266800.0,LLY
1989-09-25,3.125,3.150000095367432,3.125,3.125,1.2090107202529907,37800.0,LM
1989-09-25,14.877300262451172,14.992331504821776,14.762269973754885,14.877300262451172,5.9227142333984375,729800.0,LMT
1989-09-25,13.8125,13.8125,13.59375,13.625,2.4317667484283447,46000.0,LNC
1989-09-25,0.0,2.8312757015228267,2.798353910446167,2.8312757015228267,2.2625551223754883,37800.0,LNN
1989-09-25,11.4375,11.5,11.375,11.4375,2.330174684524536,27600.0,LNT
1989-09-25,0.9375,0.9453125,0.93359375,0.94140625,0.08204028755426407,2272000.0,LOW
1989-09-25,13.333333015441895,13.333333015441895,13.166666984558105,13.208333015441895,7.368269920349121,74400.0,LPX
1989-09-25,0.0,1.7777777910232544,1.6944444179534912,1.6944444179534912,1.5369619131088257,130500.0,LRCX
1989-09-25,16.0,16.0,15.666666984558105,15.75,10.384392738342283,52300.0,LUB
1989-09-25,1.1961591243743896,1.201646089553833,1.185185194015503,1.1906721591949463,0.904479205608368,3485200.0,LUV
1989-09-25,0.0,0.875,0.8125,0.8125,0.8031026721000671,2000.0,LWAY
1989-09-25,2.0,2.0,2.0,2.0,1.8862746953964236,2100.0,LXU
1989-09-25,0.0,4.355555534362793,4.266666889190674,4.266666889190674,2.0434212684631348,6700.0,LYTS
1989-09-25,6.583333492279053,6.625,6.583333492279053,6.625,2.345506191253662,8400.0,LZB
1989-09-25,17.5,17.875,17.5,17.625,12.942109107971193,71200.0,MAN
1989-09-25,0.0,11.75,11.25,11.25,0.814263641834259,700.0,MARPS
1989-09-25,11.75307559967041,11.75307559967041,11.588313102722168,11.588313102722168,4.051753044128418,541600.0,MAS
1989-09-25,5.154133319854736,5.1882667541503915,4.983466625213623,5.051733493804932,2.4712810516357417,1170200.0,MAT
1989-09-25,17.381874084472653,17.501750946044922,17.261999130249027,17.501750946044922,3.0265102386474614,151600.0,MATX
1989-09-25,0.0,30.0,30.0,30.0,30.0,2000.0,MAYS
1989-09-25,9.166666984558104,9.208333015441896,9.166666984558104,9.166666984558104,6.607330799102782,11400.0,MBI
1989-09-25,7.40625,7.5,7.375,7.46875,3.516851663589477,2090000.0,MCD
1989-09-25,7.625,7.65625,7.59375,7.59375,0.5187119841575623,46400.0,MCI
1989-09-25,0.0,12.0,11.875,11.875,0.8892949223518372,70800.0,MCR
1989-09-25,0.0,5.629629611968994,5.55555534362793,5.629629611968994,1.781847596168518,24400.0,MCS
1989-09-25,0.0,3.71875,3.6875,3.6875,0.8151399493217468,1600.0,MCY
1989-09-25,0.7297152280807495,0.7905248403549194,0.7297152280807495,0.7905248403549194,0.3735718727111816,60500.0,MDC
1989-09-25,8.84375,8.84375,8.75,8.78125,2.8552584648132324,34400.0,MDP
1989-09-25,1.8984375,1.90234375,1.89453125,1.89453125,0.4614059031009674,732800.0,MDT
1989-09-25,4.0,4.04938268661499,3.975308656692505,4.024691581726073,0.1701516956090927,139000.0,MDU
1989-09-25,0.0,0.6080750226974487,0.5924833416938782,0.5924833416938782,0.25053149461746216,54500.0,MEI
1989-09-25,10.5,10.75,10.5,10.75,1.4326571226119995,46400.0,MEN
1989-09-25,0.0,8.903307914733887,8.537418365478517,8.903307914733887,7.01934814453125,10400.0,MERC
1989-09-25,10.125,10.125,10.0,10.0,1.2966910600662231,31700.0,MFM
1989-09-25,0.0,2.3125,2.28125,2.28125,0.3418838679790497,14000.0,MGA
1989-09-25,0.0,10.518518447875977,10.370369911193848,10.370369911193848,2.5708398818969727,5400.0,MGEE
1989-09-25,10.0,10.0,9.875,10.0,0.952143669128418,75200.0,MGF
1989-09-25,4.0,4.0,4.0,4.0,3.698451519012451,0.0,MGM
1989-09-25,0.0,10.416666984558104,9.916666984558104,10.083333015441896,6.891120910644531,20600.0,MGPI
1989-09-25,0.0,1.9375,1.9375,1.9375,0.70804363489151,8000.0,MGRC
1989-09-25,9.625,9.75,9.625,9.625,1.4880127906799316,15800.0,MHF
1989-09-25,0.0,1.25,1.2291666269302368,1.25,1.1648780107498171,19200.0,MIDD
1989-09-25,9.0,9.0,8.875,8.875,0.7044360637664795,140700.0,MIN
1989-09-25,0.0,1.375,1.3125,1.3125,1.3125,3000.0,MITK
1989-09-25,0.0,5.25,5.1875,5.25,1.9258263111114504,72000.0,MKC
1989-09-25,0.0,20.75,20.5,20.75,20.75,3000.0,MKL
1989-09-25,0.5,0.5,0.5,0.5,0.3856897354125977,0.0,MLAB
1989-09-25,0.0,5.375,5.3125,5.375,3.2288384437561035,236400.0,MLHR
1989-09-25,11.520833015441895,11.520833015441895,11.479166984558105,11.5,1.003067135810852,313800.0,MMC
1989-09-25,18.75,18.78125,18.625,18.65625,3.932982921600342,1443200.0,MMM
1989-09-25,9.625,9.75,9.625,9.625,0.6878637671470642,161800.0,MMT
1989-09-25,0.0,6.5,6.0,6.0,0.5679358839988708,3100.0,MNR
1989-09-25,0.0,0.0703125,0.0598958320915699,0.0598958320915699,0.04900219663977623,0.0,MNST
1989-09-25,13.052083015441895,13.083333015441895,12.895833015441895,12.958333015441895,0.35577672719955444,8794800.0,MO
1989-09-25,0.0,10.5,10.4375,10.4375,5.831207752227782,14400.0,MOD
1989-09-25,18.4375,18.4375,18.125,18.1875,12.318031311035154,45600.0,MOS
1989-09-25,8.625,8.625,8.5,8.625,0.5547964572906494,24900.0,MPV
1989-09-25,11.958333015441895,11.979166984558105,11.895833015441895,11.9375,3.577756643295288,3162000.0,MRK
1989-09-25,8.357213973999022,8.388280868530272,8.264010429382324,8.326146125793457,0.8079861998558044,2226900.0,MRO
1989-09-25,0.0,0.39506173133850103,0.39506173133850103,0.39506173133850103,0.34938907623291016,25000.0,MRTN
1989-09-25,6.027777671813965,6.027777671813965,6.027777671813965,6.027777671813965,0.42215341329574585,0.0,MSA
1989-09-25,3.75,3.875,3.75,3.75,0.2586172223091125,5400.0,MSB
1989-09-25,0.0,6.1875,6.1875,6.1875,1.584270715713501,1200.0,MSEX
1989-09-25,0.4583333432674408,0.4722222089767456,0.4548611044883728,0.4652777910232544,0.2985246479511261,69939200.0,MSFT
1989-09-25,17.185678482055664,17.411806106567386,17.185678482055664,17.411806106567386,11.970760345458984,1081500.0,MSI
1989-09-25,0.0,6.887499809265138,6.887499809265138,6.887499809265138,0.966626226902008,2000.0,MTB
1989-09-25,2.90625,3.0,2.90625,2.90625,1.5751076936721802,14000.0,MTH
1989-09-25,47.125,47.125,47.125,47.125,3.534828186035156,0.0,MTR
1989-09-25,25.0,25.25,24.875,25.0,17.32942008972168,14900.0,MTRN
1989-09-25,0.0,5.25,5.125,5.1875,2.601801872253418,39600.0,MTSC
1989-09-25,0.0,9.0,8.777777671813965,8.94444465637207,8.94444465637207,85900.0,MTZ
1989-09-25,1.2625000476837158,1.350000023841858,1.2374999523162842,1.3250000476837158,1.2993781566619873,5136800.0,MU
1989-09-25,8.959412574768066,8.959412574768066,8.824481964111328,8.851468086242676,0.8222454190254211,76800.0,MUR
1989-09-25,1.02400004863739,1.055999994277954,1.02400004863739,1.055999994277954,1.0317611694335938,39000.0,MUX
1989-09-25,0.0,9.75,9.375,9.625,1.2236384153366089,50100.0,MVF
1989-09-25,11.259125709533693,11.377642631530762,11.02209186553955,11.14060878753662,1.2943791151046753,71900.0,MXF
1989-09-25,0.0,0.5625,0.546875,0.546875,0.3263140618801117,174400.0,MXIM
1989-09-25,3.881341457366944,3.9084837436676025,3.881341457366944,3.9084837436676025,1.8491387367248533,13900.0,MYE
1989-09-25,2.1851851940155034,2.222222328186035,2.1666667461395264,2.2037036418914795,1.9266420602798464,462300.0,MYL
1989-09-25,45.0,46.25,45.0,45.0,44.985931396484375,25800.0,NAV
1989-09-25,3.53125,3.53125,3.46875,3.46875,2.595633745193481,59200.0,NBL
1989-09-25,4.666666507720947,4.666666507720947,4.666666507720947,4.666666507720947,1.8685901165008545,900.0,NBN
1989-09-25,1.0625,1.0625,1.0625,1.0625,0.8864361047744751,0.0,NBR
1989-09-25,3.6250855922698975,3.6344528198242183,3.5782499313354488,3.5969841480255127,0.006487156730145216,198700.0,NC
1989-09-25,9.875,10.0,9.875,9.875,1.9365748167037964,9600.0,NCA
1989-09-25,0.0,6.6875,6.5625,6.5625,4.0597476959228525,45600.0,NDSN
1989-09-25,0.0,3.0594406127929688,3.004807710647583,3.0594406127929688,2.336989164352417,9800.0,NE
1989-09-25,16.125,16.125,15.9375,16.0,2.0927743911743164,151200.0,NEE
1989-09-25,31.79999923706055,32.5,31.70000076293945,32.5,22.483064651489254,174700.0,NEM
1989-09-25,0.0,2.3333332538604736,2.0,2.0,0.005959839094430208,2100.0,NEN
1989-09-25,0.0,1.0002501010894775,0.978022277355194,0.978022277355194,0.978022277355194,111500.0,NEOG
1989-09-25,0.0,7812.5,6640.625,6640.625,6640.625,0.0,NEON
1989-09-25,85.83333587646484,86.25,84.58333587646484,84.58333587646484,35.61819076538086,42600.0,NEU
1989-09-25,12.25,12.25,12.125,12.25,2.1579413414001465,26000.0,NFG
1989-09-25,13.875,13.875,13.875,13.875,0.8974897265434265,300.0,NHC
1989-09-25,13.75,13.75,13.75,13.75,13.390816688537598,0.0,NHLD
1989-09-25,3.659135580062866,3.659135580062866,3.634577512741089,3.659135580062866,0.047119691967964165,191300.0,NI
1989-09-25,4.333333492279054,4.3611111640930185,4.333333492279054,4.333333492279054,0.01950693875551224,51200.0,NJR
1989-09-25,0.970703125,0.990234375,0.9609375,0.96875,0.009336864575743677,48966400.0,NKE
1989-09-25,25.25,25.25,24.625,24.625,4.460489749908447,17500.0,NL
1989-09-25,11.75,11.875,11.75,11.75,2.199285984039306,7700.0,NMI
1989-09-25,7.75,7.75,7.75,7.75,0.7845938205718994,0.0,NNN
1989-09-25,10.5,10.625,10.5,10.5,2.15626072883606,10200.0,NNY
1989-09-25,10.559656143188477,10.559656143188477,10.333781242370604,10.390250205993652,2.3638715744018555,112600.0,NOC
1989-09-25,36.375,36.375,35.625,35.75,6.89816951751709,14600.0,NPK
1989-09-25,12.375,12.375,12.25,12.25,0.7886158227920532,2300.0,NRT
1989-09-25,13.125,13.125,12.958333015441895,12.958333015441895,3.693819761276245,357000.0,NSC
1989-09-25,7.708333492279053,7.708333492279053,7.708333492279053,7.708333492279053,1.9017218351364136,0.0,NSEC
1989-09-25,0.0,1.25,1.25,1.25,1.25,13900.0,NSSC
1989-09-25,0.0,5.395833492279053,5.3125,5.3125,2.7003858089447017,615600.0,NTRS
1989-09-25,3.7734375,3.7734375,3.703125,3.703125,1.021145939826965,707200.0,NUE
1989-09-25,10.0,10.125,10.0,10.125,1.8905591964721682,95000.0,NUV
1989-09-25,0.4362500011920929,0.4424999952316284,0.4362500011920929,0.4424999952316284,-7.402949267998338e-05,530000.0,NVO
1989-09-25,7.0,7.25,7.0,7.125,6.644516468048097,52100.0,NVR
1989-09-25,10.6875,10.75,10.625,10.75,4.684545993804932,281600.0,NWL
1989-09-25,0.0,17.5,17.16666603088379,17.33333396911621,3.6457536220550537,27700.0,NWN
1989-09-25,7.44444465637207,7.44444465637207,7.277777671813965,7.333333492279053,0.7094340920448303,56700.0,NX
1989-09-25,0.0,0.3125,0.28125,0.28125,0.1969562321901321,44000.0,NXGN
1989-09-25,15.625,15.8125,15.5,15.75,8.260453224182129,326600.0,NYT
1989-09-25,0.1869778335094452,0.1869778335094452,0.1869778335094452,0.1869778335094452,0.16623342037200928,0.0,OBCI
1989-09-25,0.0,15.039999961853027,15.039999961853027,15.039999961853027,6.021871566772461,200.0,ODC
1989-09-25,0.0,3.1481480598449707,3.037037134170532,3.037037134170532,2.6482787132263184,204400.0,ODP
1989-09-25,0.7888805270195007,0.7888805270195007,0.7888805270195007,0.7888805270195007,0.30366051197052,0.0,OFG
1989-09-25,9.0,9.03125,9.0,9.0,0.1364252269268036,70000.0,OGE
1989-09-25,10.75,10.75,10.625,10.75,1.4153457880020142,19600.0,OIA
1989-09-25,0.0,1.796875,1.75,1.75,1.5469691753387451,628400.0,OII
1989-09-25,3.2968175411224365,3.324177026748657,3.2968175411224365,3.2968175411224365,0.053252846002578735,85800.0,OKE
1989-09-25,20.317461013793945,20.317461013793945,20.158729553222656,20.238094329833984,2.4045207500457764,68900.0,OLN
1989-09-25,0.0,12.0,12.0,12.0,1.034229755401611,2000.0,OLP
1989-09-25,0.0,3.0625,3.03125,3.046875,0.7060980796813965,313600.0,OMC
1989-09-25,2.3456790447235107,2.3456790447235107,2.320987701416016,2.320987701416016,1.0340844392776491,61600.0,OMI
1989-09-25,0.0,11.388091087341307,11.388091087341307,11.388091087341307,3.874553203582764,8900.0,ONB
1989-09-25,1.875,1.875,1.875,1.875,1.1225423812866209,0.0,OPY
1989-09-25,0.5493826866149902,0.5586419701576233,0.5462962985038757,0.5493826866149902,0.4783474206924439,47514400.0,ORCL
1989-09-25,0.0,2.7962160110473637,2.7705628871917725,2.7962160110473637,0.31146255135536194,248700.0,ORI
1989-09-25,0.0,2.125,2.0833332538604736,2.0833332538604736,0.11963476985692978,11200.0,OSK
1989-09-25,0.0,5.625,5.5,5.5,4.2199997901916495,22000.0,OSUR
1989-09-25,0.0,11.625,11.5,11.625,2.9699916839599614,26800.0,OTTR
1989-09-25,6.125,6.3125,6.125,6.1875,1.6148037910461426,44000.0,OXM
1989-09-25,14.1314058303833,14.1314058303833,13.951769828796387,14.1314058303833,1.8045297861099243,723700.0,OXY
1989-09-25,15.75,15.75,15.375,15.375,1.645918607711792,2600.0,PAI
1989-09-25,4.666666507720947,4.666666507720947,4.666666507720947,4.666666507720947,4.666666507720947,100.0,PAR
1989-09-25,0.0,1.1481481790542605,1.0555555820465088,1.0555555820465088,0.905483067035675,81400.0,PATK
1989-09-25,0.0,0.9169334173202516,0.8974241614341736,0.8974241614341736,0.4697007238864898,563100.0,PAYX
1989-09-25,0.0,1.3932980298995972,1.3580247163772583,1.3756613731384275,0.3202482759952545,162700.0,PBCT
1989-09-25,12.46875,12.5625,12.46875,12.46875,2.594679355621338,253600.0,PBI
1989-09-25,5.5,5.625,5.5,5.5,0.3823576271533966,9000.0,PBT
1989-09-25,4.3209877014160165,4.345678806304932,4.246913433074951,4.296296119689941,1.4970903396606443,347100.0,PCAR
1989-09-25,7.125,7.375,7.125,7.25,0.6137784123420715,9700.0,PCF
1989-09-25,20.0,20.0,19.75,19.875,6.007028579711914,224600.0,PCG
1989-09-25,29.82781982421875,29.82781982421875,29.293272018432614,29.293272018432614,5.210782527923584,41800.0,PCH
1989-09-25,0.0,1.5,0.75,0.75,0.75,0.0,PDEX
1989-09-25,7.058287620544434,7.086748600006104,6.972905158996582,6.972905158996582,0.11186812818050383,29800.0,PEAK
1989-09-25,5.657283306121826,5.657283306121826,5.657283306121826,5.657283306121826,1.3772417306900024,0.0,PEBK
1989-09-25,13.3125,13.375,13.25,13.375,0.8454412221908569,1016600.0,PEG
1989-09-25,24.875,25.0,24.875,25.0,2.1905596256256104,3200.0,PEI
1989-09-25,17.66666603088379,17.75,17.5,17.5,2.3117880821228027,3000.0,PEO
1989-09-25,9.416666984558104,9.4375,9.291666984558104,9.333333015441896,4.471765995025635,2105400.0,PEP
1989-09-25,2.7916667461395264,2.8125,2.7916667461395264,2.8072917461395264,0.07904767990112305,8635200.0,PFE
1989-09-25,0.0,3.25,3.25,3.25,2.415111541748047,600.0,PFIN
1989-09-25,7.484375,7.484375,7.3984375,7.421875,1.3021039962768557,6267200.0,PG
1989-09-25,1.0451388359069824,1.0486111640930176,1.0451388359069824,1.0451388359069824,0.29475128650665283,68400.0,PGR
1989-09-25,8.740740776062013,8.777777671813965,8.703703880310059,8.777777671813965,2.698694467544556,139200.0,PH
1989-09-25,5.625,5.625,5.59375,5.59375,2.770089626312256,776000.0,PHG
1989-09-25,8.315217018127441,8.586956977844237,8.315217018127441,8.532608985900879,2.9011709690093994,331600.0,PHI
1989-09-25,2.125,2.125,2.09375,2.109375,0.8807752132415771,351200.0,PHM
1989-09-25,1.8958333730697632,1.8958333730697632,1.875,1.8958333730697632,0.00011003593681380151,115200.0,PII
1989-09-25,8.5,8.5,8.125,8.25,0.5800515413284302,75900.0,PIM
1989-09-25,4.541666507720947,4.541666507720947,4.541666507720947,4.541666507720947,0.930520474910736,600.0,PKE
1989-09-25,7.96875,8.0,7.9375,8.0,3.1464138031005864,234800.0,PKI
1989-09-25,0.0,8.625,8.375,8.375,7.730404853820801,91000.0,PKOH
1989-09-25,0.0,1.7083333730697632,1.5833333730697632,1.5833333730697632,1.5833333730697632,4400.0,PLAB
1989-09-25,0.0,1.6041666269302368,1.5208333730697632,1.5833333730697632,1.5833333730697632,170400.0,PLXS
1989-09-25,0.0,15.048543930053713,14.805825233459473,14.805825233459473,5.277787208557129,3800.0,PMD
1989-09-25,9.625,9.75,9.625,9.75,1.2386951446533203,19900.0,PMM
1989-09-25,23.875,23.875,23.6875,23.75,6.793487071990968,336200.0,PNC
1989-09-25,9.916666984558104,9.916666984558104,9.833333015441896,9.833333015441896,3.814475297927856,53400.0,PNM
1989-09-25,3.2740094661712646,3.2740094661712646,3.218043327331543,3.2740094661712646,0.3791161477565765,155400.0,PNR
1989-09-25,0.0,2.5,2.25,2.25,2.25,3000.0,PNRG
1989-09-25,12.25,12.375,12.0,12.25,4.018577575683594,139800.0,PNW
1989-09-25,0.0,7.699999809265138,7.699999809265138,7.699999809265138,2.6725239753723145,2000.0,POPE
1989-09-25,0.0,5.0,4.9375,4.9375,4.095954895019531,2200.0,POWL
1989-09-25,6.71999979019165,6.71999979019165,6.37333345413208,6.666666507720947,4.53977108001709,30400.0,PPC
1989-09-25,11.09375,11.09375,11.0,11.0,1.6848996877670288,508800.0,PPG
1989-09-25,9.372212409973145,9.430424690246582,9.372212409973145,9.372212409973145,0.4652761518955231,161000.0,PPL
1989-09-25,8.875,9.0,8.75,8.875,0.6517304182052612,128400.0,PPT
1989-09-25,13.75,13.75,13.625,13.625,3.3639514446258545,13800.0,PSA
1989-09-25,0.0,1.25,1.25,1.25,1.0425403118133545,1000.0,PTSI
1989-09-25,5.866666793823242,5.866666793823242,5.866666793823242,5.866666793823242,2.192516565322876,0.0,PTVCA
1989-09-25,5.366666793823242,5.366666793823242,5.366666793823242,5.366666793823242,1.8849116563797,0.0,PTVCB
1989-09-25,11.625,11.6875,11.5,11.6875,8.984363555908203,10200.0,PVH
1989-09-25,5.875,6.0,5.875,5.875,1.245091676712036,900.0,PW
1989-09-25,26.5,26.625,26.25,26.375,10.530492782592773,116000.0,R
1989-09-25,196.875,196.875,194.375,194.375,150.5927734375,7300.0,RAD
1989-09-25,0.0,46.875,44.53125,44.53125,44.53125,200.0,RADA
1989-09-25,0.7569444179534912,0.7569444179534912,0.7569444179534912,0.7569444179534912,0.3585992157459259,46400.0,RAVN
1989-09-25,7.4375,7.4375,7.4375,7.4375,3.518333196640014,7400.0,RBC
1989-09-25,0.0,30.0,29.375,29.375,10.265207290649414,16600.0,RCMT
1989-09-25,0.0,34.0,34.0,34.0,34.0,400.0,RDI
1989-09-25,0.0,12.75,12.125,12.125,6.227504253387451,10800.0,RELL
1989-09-25,0.4115226268768311,0.4197530746459961,0.403292179107666,0.4115226268768311,0.2208123654127121,128800.0,RES
1989-09-25,1.8333333730697632,1.8333333730697632,1.7777777910232544,1.7777777910232544,1.7777777910232544,1900.0,REX
1989-09-25,0.0,6.903229713439941,6.81118631362915,6.903229713439941,2.60667085647583,40000.0,RF
1989-09-25,0.0,9.0,9.0,9.0,9.0,900.0,RGEN
1989-09-25,0.0,3.5,3.125,3.25,2.6260828971862797,77000.0,RGLD
1989-09-25,0.0,8.0625,7.8125,7.8125,1.2175571918487549,800.0,RGR
1989-09-25,1.1193416118621826,1.1193416118621826,1.1120256185531616,1.1120256185531616,0.3781028389930725,112200.0,RJF
1989-09-25,1.3400000333786009,1.3600000143051147,1.3400000333786009,1.3600000143051147,0.18181070685386655,16400.0,RLI
1989-09-25,0.0,1.9325911998748782,1.7779839038848877,1.7779839038848877,0.8978774547576904,19700.0,RMCF
1989-09-25,5.34375,5.34375,5.34375,5.34375,5.2417869567871085,2000.0,ROG
1989-09-25,24.0,24.0,23.5,23.75,2.614880084991455,190500.0,ROK
1989-09-25,1.0534979104995728,1.0534979104995728,1.0461820363998413,1.0534979104995728,0.02064464055001736,116700.0,ROL
1989-09-25,0.72265625,0.72265625,0.71484375,0.71875,0.33883944153785706,806400.0,ROST
1989-09-25,0.0,6.698666572570801,6.613333225250244,6.698666572570801,2.112089872360229,401800.0,RPM
1989-09-25,23.0,23.5,23.0,23.0,3.459168672561645,4400.0,RPT
1989-09-25,3.75,3.75,3.75,3.75,3.2354092597961426,0.0,RRC
1989-09-25,22.1875,22.3125,22.1875,22.1875,5.955410480499268,151800.0,RRD
1989-09-25,19.65625,19.6875,19.59375,19.625,6.501163005828857,274400.0,RTN
1989-09-25,8.879151344299316,8.994464874267578,8.763837814331055,8.763837814331055,0.7738806009292603,12600.0,RVT
1989-09-25,0.0,7.777777671813965,7.55555534362793,7.55555534362793,4.1834468841552725,315900.0,SAFM
1989-09-25,4.3913397789001465,4.432189464569092,4.3913397789001465,4.432189464569092,-0.006163485813885927,14600.0,SAN
1989-09-25,0.0,20.643939971923828,20.454545974731445,20.454545974731445,11.473523139953613,2100.0,SBCF
1989-09-25,14.0,14.125,14.0,14.125,0.8594920039176941,1000.0,SBR
1989-09-25,0.3237311244010925,0.3264746367931366,0.3237311244010925,0.3264746367931366,0.08124884217977524,190200.0,SCHW
1989-09-25,5.625,5.666666507720947,5.625,5.666666507720947,3.116683959960937,255200.0,SCI
1989-09-25,0.0,5.125,4.90625,4.90625,1.0399457216262815,10000.0,SCL
1989-09-25,22.625,22.625,22.625,22.625,9.310708045959473,300.0,SCX
1989-09-25,147.5,147.5,147.5,147.5,132.87690734863278,0.0,SEB
1989-09-25,2.71875,2.734375,2.6875,2.734375,2.0625088214874268,65600.0,SEE
1989-09-25,0.0,0.8125,0.796875,0.796875,0.17346855998039246,127200.0,SEIC
1989-09-25,9.625,9.625,9.625,9.625,9.625,0.0,SENEB
1989-09-25,1.6878681182861328,1.6878681182861328,1.6878681182861328,1.6878681182861328,1.0077018737792969,2800.0,SF
1989-09-25,5.041666507720947,5.125,5.0,5.0,4.2713279724121085,60000.0,SFE
1989-09-25,1.4583333730697632,1.4583333730697632,1.4583333730697632,1.4583333730697632,0.5933448672294617,0.0,SFNC
1989-09-25,0.0,4.609375,4.59375,4.59375,0.3905285596847534,2400.0,SGC
1989-09-25,0.0,3.75,3.5833332538604736,3.5833332538604736,3.5833332538604736,800.0,SGMS
1989-09-25,8.21875,8.3125,8.1875,8.28125,4.052441120147705,127600.0,SHW
1989-09-25,2.875,2.875,2.875,2.875,0.5897243618965149,0.0,SIEB
1989-09-25,9.166666984558104,9.166666984558104,9.0,9.0,7.050093650817871,3100.0,SIF
1989-09-25,0.0,89.16666412353516,87.5,87.5,55.9091796875,4000.0,SIG
1989-09-25,0.0,4.5625,4.375,4.375,1.574759006500244,41200.0,SIGI
1989-09-25,0.0,3.15625,3.09375,3.15625,3.078475952148437,94400.0,SIVB
1989-09-25,5.238970756530762,5.238970756530762,5.208333492279053,5.208333492279053,0.05184230580925942,3600.0,SJI
1989-09-25,9.0,9.0,9.0,9.0,0.930651307106018,23400.0,SJT
1989-09-25,4.5,4.5,4.5,4.5,0.037490461021661765,0.0,SJW
1989-09-25,15.75,15.75,15.375,15.5,7.425056457519531,25900.0,SKY
1989-09-25,1.3541666269302368,1.3541666269302368,1.3541666269302368,1.3541666269302368,1.0802891254425049,0.0,SKYW
1989-09-25,10.78125,10.8125,10.6875,10.71875,2.653696060180664,710800.0,SLB
1989-09-25,1.6295653581619265,1.6295653581619265,1.595527410507202,1.595527410507202,1.0343472957611084,8043900.0,SLM
1989-09-25,18.75,19.0,18.75,18.875,9.252504348754883,4200.0,SMP
1989-09-25,0.0,0.296875,0.28125,0.296875,0.296875,12000.0,SMTC
1989-09-25,23.5,23.5,23.33333396911621,23.33333396911621,9.27971363067627,105300.0,SNA
1989-09-25,26.875,27.10227203369141,26.81818199157715,27.045454025268555,19.651342391967773,68400.0,SNE
1989-09-25,0.0,1.47316575050354,1.4062036275863647,1.4062036275863647,1.2875338792800903,17700.0,SNFCA
1989-09-25,0.0,9.810370445251463,9.58222198486328,9.58222198486328,6.3460140228271475,3900.0,SNV
1989-09-25,8.323512077331543,8.361693382263184,8.285331726074219,8.323512077331543,0.5349795818328857,877700.0,SO
1989-09-25,16.17965316772461,16.17965316772461,15.909090995788574,16.125541687011722,5.306117534637451,280800.0,SON
1989-09-25,42.25,42.25,42.0,42.25,2.0111160278320312,1800.0,SOR
1989-09-25,0.0,0.7901234626770021,0.7654321193695068,0.7654321193695068,0.5121843218803406,26200.0,SPAR
1989-09-25,101.2731475830078,101.2731475830078,96.45061492919922,101.2731475830078,83.15343475341797,200.0,SPB
1989-09-25,9.234375,9.25,9.0625,9.09375,0.5838735103607178,701600.0,SPGI
1989-09-25,4.375472068786621,4.485645771026611,4.3597331047058105,4.485645771026611,2.812201499938965,953800.0,SPXC
1989-09-25,14.875,14.875,14.8125,14.8125,0.09415092319250107,3800.0,SR
1989-09-25,0.0,4.61521053314209,4.476754188537598,4.61521053314209,2.4260995388031006,1900.0,SRCE
1989-09-25,2.75,2.75,2.75,2.75,0.8484888076782227,0.0,SSL
1989-09-25,0.0,30.612245559692386,30.612245559692386,30.612245559692386,1.6959408521652222,5000.0,SSP
1989-09-25,0.0,4.875,4.625,4.625,4.364974021911621,7100.0,SSY
1989-09-25,0.0,5.791666507720947,5.791666507720947,5.791666507720947,3.4341919422149663,2600.0,STC
1989-09-25,0.0,2.5,2.5,2.5,2.5,2600.0,STKL
1989-09-25,4.46875,4.46875,4.40625,4.40625,1.566372632980347,1258400.0,STT
1989-09-25,0.0,0.2578125,0.2421875,0.25,0.021144658327102658,3084800.0,SU
1989-09-25,16.223899841308597,16.431900024414062,16.11989974975586,16.223899841308597,8.604770660400389,165866.0,SUN
1989-09-25,6.955923080444336,6.990358352661133,6.921487808227539,6.921487808227539,3.391829252243042,9000.0,SUP
1989-09-25,2.6205451488494877,2.6205451488494877,2.6205451488494877,2.6205451488494877,2.0843074321746826,0.0,SVT
1989-09-25,18.25,18.375,18.125,18.125,6.479917049407959,47200.0,SWK
1989-09-25,1.4583333730697632,1.5,1.4166666269302368,1.4166666269302368,1.3020329475402832,30800.0,SWKS
1989-09-25,1.1041666269302368,1.1041666269302368,1.0989583730697632,1.0989583730697632,0.8239737153053284,295200.0,SWN
1989-09-25,132.77999877929688,132.77999877929688,132.77999877929688,132.77999877929688,118.25177001953124,0.0,SWP
1989-09-25,18.875,19.0,18.75,18.875,5.701216697692871,21500.0,SWX
1989-09-25,6.0625,6.25,6.0625,6.125,0.9604844450950624,146600.0,SWZ
1989-09-25,12.1875,12.1875,12.125,12.125,5.47655200958252,12600.0,SXI
1989-09-25,11.75,11.791666984558105,11.708333015441895,11.75,4.2481775283813485,122000.0,SXT
1989-09-25,1.125,1.125,1.109375,1.125,0.8456133604049683,198400.0,SYK
1989-09-25,0.0,4.55555534362793,4.3888888359069815,4.44444465637207,2.4189324378967285,21700.0,SYNL
1989-09-25,3.3125,3.3203125,3.28125,3.3125,1.1342509984970093,545600.0,SYY
1989-09-25,13.78125,13.78125,13.59375,13.625,1.7056879997253418,1158000.0,T
1989-09-25,11.1875,12.0,11.1875,11.875,4.2730712890625,1215600.0,TAP
1989-09-25,0.6875,0.6875,0.6875,0.6875,0.600398063659668,0.0,TARO
1989-09-25,0.0,10.5,7.5,7.5,2.9211428165435787,800.0,TATT
1989-09-25,0.0,10.875,10.875,10.875,6.362895488739014,2000.0,TCCO
1989-09-25,9.223064422607422,9.223064422607422,9.223064422607422,9.223064422607422,2.3009181022644043,0.0,TCF
1989-09-25,3.6666667461395264,3.6666667461395264,3.6666667461395264,3.6666667461395264,1.4168858528137207,16000.0,TCI
1989-09-25,0.0,19.33072662353516,18.85924530029297,18.85924530029297,10.837332725524902,58000.0,TDS
1989-09-25,375.0,375.0,358.8709716796875,358.8709716796875,224.4980010986328,1900.0,TDW
1989-09-25,0.0,3.8125,3.8125,3.8125,3.8125,10800.0,TECD
1989-09-25,0.0,0.40625,0.375,0.375,0.3215315341949463,8000.0,TECH
1989-09-25,2.405000925064087,2.4505932331085205,2.3936028480529785,2.4505932331085205,0.004937984980642796,3476100.0,TEF
1989-09-25,0.0,12.0,11.0,11.0,11.0,500.0,TELL
1989-09-25,59.375,59.75,59.125,59.125,34.231277465820305,111000.0,TEN
1989-09-25,3.0,3.0,2.9375,3.0,2.82822847366333,47600.0,TER
1989-09-25,0.0,0.59375,0.5625,0.5703125,0.3906116485595703,416000.0,TEVA
1989-09-25,0.0,7.5999999046325675,7.4000000953674325,7.4000000953674325,6.804072380065918,71200.0,TEX
1989-09-25,7.25,7.25,7.25,7.25,1.9434159994125368,5000.0,TFC
1989-09-25,12.333333015441895,12.375,12.25,12.375,6.922032356262207,69200.0,TFX
1989-09-25,0.0,3.6666667461395264,3.6111111640930176,3.6388888359069824,1.49227774143219,93900.0,TG
1989-09-25,1.875,1.875,1.875,1.875,1.578805923461914,0.0,TGA
1989-09-25,11.37820816040039,11.574383735656738,11.34551239013672,11.508992195129395,1.8846181631088257,1260400.0,TGNA
1989-09-25,5.15625,5.177083492279053,5.15625,5.15625,0.5075693726539612,988800.0,TGT
1989-09-25,47.5,47.5,46.66666793823242,46.66666793823242,39.129676818847656,76500.0,THC
1989-09-25,1.2083333730697632,1.2083333730697632,1.2083333730697632,1.2083333730697632,0.6082515716552734,3600.0,THO
1989-09-25,6.625,6.640625,6.59375,6.609375,2.9373149871826167,343200.0,TIF
1989-09-25,0.0,8.75,8.5625,8.5625,5.8693671226501465,24600.0,TILE
1989-09-25,0.0,4.9375,4.875,4.9375,4.688995838165283,50200.0,TISI
1989-09-25,0.609375,0.6171875,0.609375,0.6171875,0.00013299493002705276,15308800.0,TJX
1989-09-25,12.347887992858887,12.347887992858887,12.258410453796387,12.258410453796387,2.8054165840148926,267300.0,TKR
1989-09-25,0.0,15.375,14.875,15.375,9.413265228271484,19400.0,TLGT
1989-09-25,0.0,29.442148208618164,29.13223075866699,29.13223075866699,17.680788040161133,1900.0,TM
1989-09-25,10.481481552124023,10.518518447875977,10.222222328186037,10.222222328186037,8.428494453430176,226800.0,TMO
1989-09-25,0.0,13.27322769165039,13.27322769165039,13.27322769165039,3.5043010711669917,100.0,TMP
1989-09-25,0.0,8.75,8.5625,8.75,2.1617801189422607,30800.0,TNC
1989-09-25,1.125,1.125,1.125,1.125,1.0904618501663208,46400.0,TOL
1989-09-25,36.375,36.625,36.375,36.5,32.85558319091797,1800.0,TPC
1989-09-25,7.375,7.375,7.375,7.375,4.761510848999023,500.0,TPL
1989-09-25,4.990002632141113,5.025645732879639,4.954360008239746,4.954360008239746,2.8683552742004395,18700.0,TR
1989-09-25,0.0,45.43613815307617,43.905906677246094,45.43613815307617,43.78241729736328,46700.0,TRC
1989-09-25,0.0,3.7916667461395264,3.75,3.75,1.3578454256057741,10200.0,TRMK
1989-09-25,4.973649978637695,5.0227322578430185,4.973649978637695,4.990010738372803,0.5795549750328064,1402600.0,TRN
1989-09-25,0.0,2.0625,2.0,2.0,2.0,23400.0,TRNS
1989-09-25,1.6484375,1.6484375,1.609375,1.609375,0.7131581902503967,304000.0,TROW
1989-09-25,14.125,14.375,14.125,14.375,2.085501194000244,19700.0,TRP
1989-09-25,2.563567638397217,2.563567638397217,2.563567638397217,2.563567638397217,0.48696807026863104,0.0,TRST
1989-09-25,14.8125,14.8125,14.5,14.53125,3.07435154914856,418400.0,TRV
1989-09-25,8.125,8.25,8.0,8.0,0.4261217713356018,24100.0,TSI
1989-09-25,8.375,8.458333015441895,8.333333015441895,8.375,6.18698787689209,188400.0,TSN
1989-09-25,0.0,2.125,2.0625,2.125,0.591366171836853,6000.0,TSRI
1989-09-25,1.4375,1.453125,1.4375,1.4375,0.014436912722885609,539200.0,TTC
1989-09-25,0.0,2.25,2.25,2.25,1.3922007083892822,1000.0,TURN
1989-09-25,7.34375,7.34375,7.34375,7.34375,3.14664626121521,1600.0,TWIN
1989-09-25,0.0,148.3333282470703,143.3333282470703,148.3333282470703,115.54386138916016,18400.0,TWMC
1989-09-25,40.625,41.0,40.5,40.5,9.876997947692873,27000.0,TWN
1989-09-25,2.4140625,2.4375,2.40625,2.40625,1.4335287809371948,5833600.0,TXN
1989-09-25,6.96875,6.96875,6.90625,6.90625,1.684788942337036,537600.0,TXT
1989-09-25,24.0,24.0,23.75,23.75,2.8037095069885254,44000.0,TY
1989-09-25,1.7916666269302368,1.7916666269302368,1.7916666269302368,1.7916666269302368,1.7800329923629759,13800.0,TYL
1989-09-25,11.375,11.5,11.25,11.3125,0.6595838665962219,11600.0,UBP
1989-09-25,6.6875,6.6875,6.6875,6.6875,1.8755090236663816,0.0,UBSI
1989-09-25,0.0,9.375,9.25,9.375,1.2433538436889648,14800.0,UDR
1989-09-25,0.0,4.962963104248047,4.962963104248047,4.962963104248047,1.7311378717422483,1200.0,UFCS
1989-09-25,0.0,25.20000076293945,24.79999923706055,24.79999923706055,21.57362365722656,9800.0,UFI
1989-09-25,0.0,9.0,8.75,9.0,3.4505865573883057,3800.0,UG
1989-09-25,4.3611111640930185,4.375,4.333333492279054,4.333333492279054,0.0323607474565506,148500.0,UGI
1989-09-25,0.0,1.40625,1.390625,1.390625,1.2036700248718262,327200.0,UHS
1989-09-25,14.375,14.375,14.25,14.25,1.4285398721694946,2700.0,UHT
1989-09-25,198.75,201.25,197.5,198.75,186.8257293701172,33000.0,UIS
1989-09-25,5.833333492279053,5.85069465637207,5.798611164093018,5.85069465637207,1.202763319015503,43900.0,UL
1989-09-25,0.0,12.663073539733887,12.663073539733887,12.663073539733887,6.7683777809143075,2200.0,UMBF
1989-09-25,2.625,2.625,2.625,2.625,0.3329489827156067,0.0,UMH
1989-09-25,6.104166507720947,6.166666507720947,6.09375,6.104166507720947,0.1690327227115631,2559600.0,UN
1989-09-25,0.0,4.0,3.875,3.875,3.0101635456085205,3800.0,UNAM
1989-09-25,9.125,9.125,9.125,9.125,7.589999675750732,0.0,UNF
1989-09-25,0.0,0.375,0.3671875,0.37109375,0.2715497314929962,4208000.0,UNH
1989-09-25,10.125,10.15625,10.09375,10.125,4.498260021209717,71600.0,UNM
1989-09-25,6.419318675994872,6.44033145904541,6.387800216674805,6.398306369781494,0.3452970087528229,1860400.0,UNP
1989-09-25,3.0,3.0,3.0,3.0,3.0,8000.0,UNT
1989-09-25,8.0,8.125,7.875,8.0,0.428204208612442,67500.0,USA
1989-09-25,0.0,38.0,38.0,38.0,7.316108226776122,200.0,USAU
1989-09-25,2.6944444179534908,2.722222328186035,2.6666667461395264,2.6666667461395264,0.05914599820971489,154800.0,USB
1989-09-25,0.0,412.5,397.5,412.5,405.2120056152344,200.0,USEG
1989-09-25,9.0,9.0,9.0,9.0,7.1076741218566895,0.0,USLM
1989-09-25,0.0,33.0,32.625,32.875,28.19716453552246,9900.0,USM
1989-09-25,0.0,15.653153419494627,15.653153419494627,15.653153419494627,2.404974937438965,600.0,UTL
1989-09-25,6.921875,6.953125,6.890625,6.953125,0.5919890403747559,1699200.0,UTX#
1989-09-25,6.921875,6.953125,6.890625,6.953125,0.5919890403747559,1699200.0,UTX
1989-09-25,4.21875,4.21875,4.21875,4.21875,4.21875,0.0,UUU
1989-09-25,18.6875,18.8125,18.6875,18.6875,4.594772338867188,32400.0,UVV
1989-09-25,0.0,29.0,26.0,27.0,20.403785705566406,20400.0,VAL
1989-09-25,0.0,24.0,23.5,24.0,5.460495471954347,1100.0,VALU
1989-09-25,1.397559404373169,1.397559404373169,1.377007007598877,1.3838578462600708,1.2834352254867554,1167700.0,VAR
1989-09-25,0.0,20.5,20.25,20.25,3.3448166847229004,5700.0,VBF
1989-09-25,4.1931495666503915,4.207862377166748,4.178436756134033,4.178436756134033,0.0818878635764122,771400.0,VFC
1989-09-25,4.038101673126222,4.038101673126222,3.8586304187774663,3.9034981727600098,0.058828290551900864,60400.0,VGR
1989-09-25,0.0,52.5,50.0,51.25,51.25,1500.0,VGZ
1989-09-25,2.396916627883911,2.4140374660491943,2.3626749515533447,2.396916627883911,0.07723036408424377,110100.0,VHI
1989-09-25,0.0,1.991973638534546,1.9598450660705569,1.991973638534546,1.3005002737045288,3300.0,VIRC
1989-09-25,0.0,0.5541422367095947,0.5541422367095947,0.5541422367095947,0.2364937663078308,1900.0,VIVO
1989-09-25,0.0,4.3125,4.25,4.25,2.0805730819702153,243200.0,VLGEA
1989-09-25,3.8276965618133545,3.8276965618133545,3.7134368419647217,3.74200177192688,1.0627603530883791,455100.0,VLO
1989-09-25,53.75,54.375,53.75,53.75,2.303946256637573,600.0,VLT
1989-09-25,15.166666984558105,15.25,15.0,15.041666984558105,4.882049560546875,40800.0,VMC
1989-09-25,0.0,8.3125,8.125,8.125,4.8899574279785165,2800.0,VMI
1989-09-25,5.824922561645508,5.824922561645508,5.824922561645508,5.824922561645508,0.24542054533958435,0.0,VNO
1989-09-25,4.6017184257507315,4.6211347579956055,4.5531768798828125,4.5531768798828125,1.370402455329895,1201200.0,VOD
1989-09-25,0.0,3.3333332538604736,3.3333332538604736,3.3333332538604736,3.3333332538604736,400.0,VOLT
1989-09-25,0.962499976158142,0.962499976158142,0.962499976158142,0.962499976158142,0.5973703861236572,0.0,VSEC
1989-09-25,2.8577661514282227,2.8577661514282227,2.8147921562194824,2.8147921562194824,2.1933271884918213,22200.0,VSH
1989-09-25,0.0,61.875,59.8125,59.8125,53.67618179321289,0.0,VXRT
1989-09-25,22.173927307128906,22.173927307128906,22.061511993408203,22.061511993408203,2.8694384098052983,581100.0,VZ
1989-09-25,0.0,7.0,6.75,6.958333492279053,3.243584632873535,35100.0,WABC
1989-09-25,0.0,8.863639831542969,8.708137512207031,8.863639831542969,2.9280397891998287,73100.0,WAFD
1989-09-25,5.530864238739014,5.530864238739014,5.530864238739014,5.530864238739014,1.7169194221496582,0.0,WASH
1989-09-25,2.828125,2.8359375,2.78125,2.7890625,1.7893640995025637,1086400.0,WBA
1989-09-25,4.099999904632568,4.224999904632568,4.099999904632568,4.150000095367432,0.0008021726971492171,108500.0,WBK
1989-09-25,5.795454502105713,5.795454502105713,5.795454502105713,5.795454502105713,1.9233651161193848,2400.0,WBS
1989-09-25,4.0625,4.0625,3.875,4.0625,3.2314820289611816,217200.0,WDC
1989-09-25,16.125,16.25,15.625,15.75,5.571073055267334,37600.0,WDFC
1989-09-25,9.541666984558104,9.583333015441896,9.458333015441896,9.541666984558104,1.0817190408706665,207000.0,WEC
1989-09-25,0.0,14.75,14.5,14.5,1.3992973566055298,3300.0,WELL
1989-09-25,0.0,12.125,11.625,11.875,2.592653512954712,99600.0,WEN
1989-09-25,3.3199999332427983,3.359999895095825,3.2799999713897705,3.359999895095825,1.667680025100708,56100.0,WERN
1989-09-25,2.6111111640930176,2.6111111640930176,2.6111111640930176,2.6111111640930176,0.9564563632011414,0.0,WEYS
1989-09-25,2.84375,2.859375,2.8125,2.828125,0.2540578246116638,585600.0,WFC
1989-09-25,3.375,3.375,3.3125,3.3125,1.95223081111908,17200.0,WGO
1989-09-25,28.5,29.0,28.375,28.875,12.775579452514648,92400.0,WHR
1989-09-25,0.0,1.625,1.625,1.625,0.9932478070259094,6900.0,WM
1989-09-25,5.254065990447998,5.254065990447998,5.144930839538574,5.160521507263184,0.3453172445297241,399100.0,WMB
1989-09-25,32.875,32.875,32.0,32.0,12.4978666305542,5800.0,WMK
1989-09-25,0.5118600130081177,0.5228999853134155,0.5063400268554688,0.5118600130081177,0.4688626229763031,170337.0,WMS
1989-09-25,4.96875,4.984375,4.90625,4.921875,2.9040338993072514,3879200.0,WMT
1989-09-25,0.0,10.44444465637207,10.277777671813963,10.333333015441896,4.0449700355529785,60400.0,WOR
1989-09-25,0.0,58.4375,57.8125,58.4375,26.19036674499512,4000.0,WPP
1989-09-25,2.26794695854187,2.282578945159912,2.253314971923828,2.253314971923828,0.3167867660522461,47400.0,WRB
1989-09-25,0.0,13.583333015441895,13.5,13.5,2.574587106704712,1300.0,WRE
1989-09-25,13.38888931274414,13.5,13.38888931274414,13.38888931274414,0.7011305689811707,20400.0,WRI
1989-09-25,0.0,10.166666984558104,10.166666984558104,10.166666984558104,3.3663234710693364,1200.0,WSBC
1989-09-25,0.0,4.291666507720946,4.25,4.25,3.377526044845581,66900.0,WSFS
1989-09-25,0.0,2.092592477798462,2.037037134170532,2.092592477798462,1.4931153059005735,26800.0,WSM
1989-09-25,2.539682626724243,2.539682626724243,2.539682626724243,2.539682626724243,0.9234567880630492,0.0,WSO
1989-09-25,5.15625,5.21875,5.15625,5.1875,0.8978081941604614,23600.0,WST
1989-09-25,37.625,37.625,37.25,37.375,31.31488037109375,49900.0,WTM
1989-09-25,17.625,17.625,17.375,17.5,11.63886547088623,179600.0,WTS
1989-09-25,0.8724279999732971,0.8724279999732971,0.8641975522041321,0.8641975522041321,0.2307270616292953,12000.0,WWW
1989-09-25,29.875,30.0,29.5,29.5,10.576153755187988,200300.0,WY
1989-09-25,18.625,18.625,18.5,18.5,3.939276933670044,1241600.0,XEL
1989-09-25,11.28125,11.28125,11.1875,11.1875,1.3679434061050415,3335600.0,XOM
1989-09-25,6150.0,6450.0,6150.0,6225.0,6225.0,500.0,XOMA
1989-09-25,0.0,0.7916666865348816,0.7916666865348816,0.7916666865348816,0.640922486782074,9600.0,XRAY
1989-09-25,28.98550796508789,29.04040336608887,28.820816040039066,28.875713348388672,11.702407836914062,500000.0,XRX
1989-09-25,62.67870330810547,62.67870330810547,62.67870330810547,62.67870330810547,34.645931243896484,2300.0,Y
1989-09-25,221250.0,221250.0,218437.5,219375.0,195807.9375,0.0,YRCW
1989-09-25,60.0,60.0,60.0,60.0,59.98688888549805,0.0,YUMA
1989-09-25,0.0,3.8125,3.6875,3.78125,2.1576085090637207,128800.0,ZION
1989-09-25,36.5,37.0,36.0,37.0,1.4770666360855105,43300.0,ZTR
